Apr 12 2017 18 23 26 29 31 36 1.0
Apr 12 2017 04 10 20 33 43 48 1.0
Apr 15 2017 18 23 26 29 31 36 1.0
Apr 15 2017 04 10 20 33 43 48 1.0
Apr 19 2017 18 23 26 29 31 36 1.0
Apr 19 2017 04 10 20 33 43 48 1.0
Apr 22 2017 18 23 26 29 31 36 1.0
Apr 22 2017 04 10 20 33 43 48 1.0
Apr 26 2017 18 23 26 29 31 36 1.0
Apr 26 2017 04 10 20 33 43 48 1.0
Apr 29 2017 14 21 24 27 29 35 1.0
Apr 29 2017 03 04 16 25 32 47 1.0
May 03 2017 14 21 24 27 29 35 1.0
May 03 2017 03 04 16 25 32 47 1.0
May 06 2017 14 21 24 27 29 35 1.0
May 06 2017 03 04 16 25 32 47 1.0
May 10 2017 14 21 24 27 29 35 1.0
May 10 2017 03 04 16 25 32 47 1.0
Apr 12 2017 10 17 18 20 21 27 1.0
Apr 12 2017 02 06 14 35 36 42 1.0
Apr 29 2017 05 09 10 11 21 31 1.0
Apr 29 2017 07 16 17 30 33 41 1.0
May 03 2017 01 06 23 30 32 47 1.0
May 03 2017 02 17 21 25 32 46 1.0
May 17 2017 05 24 25 36 39 43 1.0
May 17 2017 02 04 08 13 17 39 1.0
May 20 2017 05 14 21 23 31 34 1.0
May 20 2017 02 12 20 25 27 46 1.0
Apr 15 2017 04 12 37 39 41 42 1.0
Apr 15 2017 03 26 30 35 37 38 1.0
Apr 15 2017 05 17 28 32 45 47 1.0
Apr 15 2017 07 15 17 30 36 39 1.0
May 03 2017 10 15 17 25 31 35 1.0
May 03 2017 06 14 22 26 28 35 1.0
May 06 2017 10 15 17 25 31 35 1.0
May 06 2017 06 14 22 26 28 35 1.0
May 10 2017 10 15 17 25 31 35 1.0
May 10 2017 06 14 22 26 28 35 1.0
May 13 2017 10 15 17 25 31 35 1.0
May 13 2017 06 14 22 26 28 35 1.0
May 17 2017 10 15 17 25 31 35 1.0
May 17 2017 06 14 22 26 28 35 1.0
May 10 2017 11 12 13 34 36 41 1.0
May 10 2017 05 19 27 35 39 45 1.0
Apr 22 2017 12 13 21 23 27 40 1.0
Apr 22 2017 03 12 29 30 35 45 1.0
May 06 2017 12 24 36 37 43 44 1.0
May 06 2017 05 07 08 15 22 49 1.0
