May 23 2017 6 13 17 33 60       14
May 19 2017 1 4 5 24 30       1
May 16 2017 4 35 39 56 72       11
May 12 2017 28 34 41 42 47       13
May 09 2017 6 29 45 69 73       11
May 05 2017 4 23 33 47 53       7
May 02 2017 5 14 42 43 58       1
Apr 28 2017 6 13 18 20 31       13
Apr 25 2017 3 13 33 40 50       2
Apr 21 2017 1 12 13 32 34       10
Apr 18 2017 8 29 30 43 64       6
Apr 14 2017 5 10 55 60 73       12
Apr 11 2017 19 34 35 38 49       8
Apr 07 2017 30 33 43 47 69       15
Apr 04 2017 13 24 34 35 55       9
Mar 31 2017 17 24 27 32 58       10
Mar 28 2017 30 33 35 37 46       10
Mar 24 2017 5 28 37 61 69       1
Mar 21 2017 4 45 53 73 75       7
Mar 17 2017 11 27 31 58 60       10
Mar 14 2017 16 23 28 33 59       13
Mar 10 2017 26 38 42 58 70       5
Mar 07 2017 3 30 45 53 68       11
Mar 03 2017 14 26 39 48 51       9
Feb 28 2017 20 33 45 58 69       4
Feb 24 2017 12 29 33 42 68       14
Feb 21 2017 9 21 30 32 75       9
Feb 17 2017 4 56 58 67 75       8
Feb 14 2017 7 11 33 60 68       15
Feb 10 2017 32 39 51 62 75       14
Feb 07 2017 23 28 37 56 71       12
Feb 03 2017 3 6 29 30 64       3
Jan 31 2017 3 14 27 62 72       4
Jan 27 2017 17 37 53 54 61       8
Jan 24 2017 8 42 54 63 67       11
Jan 20 2017 7 9 24 41 53       14
Jan 17 2017 20 31 54 56 59       3
Jan 13 2017 10 44 58 74 75       11
Jan 10 2017 11 20 40 41 59       15
Jan 06 2017 6 10 44 47 54       6
Jan 03 2017 14 16 23 49 53       12
Dec 30 2016 6 21 33 39 43       2
Dec 27 2016 2 28 30 38 39       11
Dec 23 2016 21 30 39 60 69       15
Dec 20 2016 1 12 14 48 65       2
Dec 16 2016 1 8 15 36 43       6
Dec 13 2016 2 15 26 34 41       14
Dec 09 2016 19 27 47 67 68       1
Dec 06 2016 13 34 48 53 63       12
Dec 02 2016 3 33 35 49 51       1
Nov 29 2016 22 33 49 51 59       8
Nov 25 2016 44 47 49 69 75       10
Nov 22 2016 1 43 45 66 69       7
Nov 18 2016 31 32 49 55 58       15
Nov 15 2016 9 17 23 57 71       6
Nov 11 2016 16 40 47 53 59       11
Nov 08 2016 46 48 53 61 74       12
Nov 04 2016 10 29 32 44 46       10
Nov 01 2016 19 24 31 39 45       13
Oct 28 2016 7 38 46 57 66       2
Oct 25 2016 8 9 24 49 67       13
Oct 21 2016 12 43 44 48 66       3
Oct 18 2016 7 24 28 65 74       1
Oct 14 2016 7 27 60 64 74       5
Oct 11 2016 36 39 42 45 48       3
Oct 07 2016 24 37 42 50 65       14
Oct 04 2016 18 29 30 54 66       1
Sep 30 2016 21 30 47 50 57       9
Sep 27 2016 14 16 26 53 72       4
Sep 23 2016 1 5 8 25 62       14
Sep 20 2016 2 22 34 62 72       2
Sep 16 2016 13 21 28 34 40       15
Sep 13 2016 6 15 17 39 56       15
Sep 09 2016 1 34 43 44 63       11
Sep 06 2016 25 37 58 69 75       8
Sep 02 2016 22 28 41 46 60       3
Aug 30 2016 28 32 41 51 71       11
Aug 26 2016 10 11 31 41 44       14
Aug 23 2016 2 7 46 61 66       1
Aug 19 2016 22 37 45 65 73       13
Aug 16 2016 2 43 52 62 63       6
Aug 12 2016 4 41 44 56 69       10
Aug 09 2016 12 19 20 44 66       1
Aug 05 2016 5 18 28 54 74       6
Aug 02 2016 3 12 36 54 70       12
Jul 29 2016 11 16 19 31 48       4
Jul 26 2016 1 4 31 36 54       9
Jul 22 2016 8 24 25 26 30       7
Jul 19 2016 3 34 54 65 66       4
Jul 15 2016 16 51 52 56 58       4
Jul 12 2016 6 8 22 46 68       4
Jul 08 2016 8 19 20 55 73       5
Jul 05 2016 29 46 53 64 73       10
Jul 01 2016 20 41 42 45 49       14
Jun 28 2016 15 17 20 35 55       7
Jun 24 2016 11 14 54 57 63       11
Jun 21 2016 6 13 21 49 50       10
Jun 17 2016 20 23 30 44 59       9
Jun 14 2016 36 37 38 52 62       6
Jun 10 2016 34 61 66 67 68       7
Jun 07 2016 25 48 51 65 72       4
Jun 03 2016 32 54 65 66 71       10
May 31 2016 9 31 34 41 49       8
May 27 2016 18 41 50 68 70       9
May 24 2016 11 50 51 70 75       15
May 20 2016 19 24 26 40 68       8
May 17 2016 17 24 27 48 75       6
May 13 2016 20 21 38 54 66       7
May 10 2016 12 22 46 56 74       4
May 06 2016 14 26 27 32 36       7
May 03 2016 28 29 33 36 45       15
Apr 29 2016 5 6 37 55 74       10
Apr 26 2016 14 16 17 28 48       2
Apr 22 2016 2 19 21 42 60       13
Apr 19 2016 9 28 40 57 65       2
Apr 15 2016 9 10 34 37 73       9
Apr 12 2016 7 11 59 62 63       3
Apr 08 2016 31 38 52 65 71       15
Apr 05 2016 13 45 52 53 57       10
Apr 01 2016 25 28 33 41 69       6
Mar 29 2016 33 38 40 46 49       15
Mar 25 2016 4 11 12 35 46       12
Mar 22 2016 6 19 34 38 70       5
Mar 18 2016 5 8 57 59 73       13
Mar 15 2016 18 26 30 44 68       7
Mar 11 2016 14 18 48 54 71       13
Mar 08 2016 27 37 54 66 69       5
Mar 04 2016 21 26 33 48 73       14
Mar 01 2016 1 29 33 34 55       6
Feb 26 2016 3 15 19 62 74       14
Feb 23 2016 16 32 39 53 57       10
Feb 19 2016 2 27 41 50 75       4
Feb 16 2016 9 31 33 46 64       4
Feb 12 2016 1 7 44 68 73       1
Feb 09 2016 3 42 46 56 71       13
Feb 05 2016 4 6 23 55 75       2
Feb 02 2016 7 13 25 51 70       9
Jan 29 2016 20 28 49 51 52       6
Jan 26 2016 14 27 39 50 69       2
Jan 22 2016 21 25 40 46 56       3
Jan 19 2016 2 17 31 39 47       9
Jan 15 2016 29 41 53 54 70       12
Jan 12 2016 15 27 29 31 48       15
Jan 08 2016 11 39 51 57 75       2
Jan 05 2016 1 4 36 48 57       13
Jan 01 2016 7 18 37 38 39       9
Dec 29 2015 20 25 55 62 74       7
Dec 25 2015 15 25 29 44 51       4
Dec 22 2015 11 21 40 50 70       15
Dec 18 2015 6 23 24 28 62       7
Dec 15 2015 18 25 47 51 61       5
Dec 11 2015 14 20 43 54 69       5
Dec 08 2015 7 17 37 49 73       15
Dec 04 2015 26 42 47 61 73       6
Dec 01 2015 5 7 25 50 59       12
Nov 27 2015 16 20 39 56 59       12
Nov 24 2015 2 19 30 38 70       8
Nov 20 2015 9 12 29 37 67       15
Nov 17 2015 12 14 18 24 61       10
Nov 13 2015 17 18 31 35 59       9
Nov 10 2015 8 17 20 45 71       4
Nov 06 2015 10 31 35 50 72       8
Nov 03 2015 16 29 44 69 74       12
Oct 30 2015 17 41 51 53 56       15
Oct 27 2015 9 26 27 29 74       4
Oct 23 2015 25 32 37 45 70       1
Oct 20 2015 6 25 35 38 52       4
Oct 16 2015 2 38 48 61 68       4
Oct 13 2015 7 9 24 38 52       1
Oct 09 2015 8 9 21 63 75       14
Oct 06 2015 17 58 63 64 66       13
Oct 02 2015 4 14 29 31 47       9
Sep 29 2015 8 21 30 61 62       9
Sep 25 2015 3 8 38 51 64       4
Sep 22 2015 28 30 38 45 51       8
Sep 18 2015 17 34 35 51 65       7
Sep 15 2015 7 20 35 49 56       9
Sep 11 2015 5 11 31 50 67       14
Sep 08 2015 19 20 36 41 46       7
Sep 04 2015 17 21 39 52 57       5
Sep 01 2015 2 5 35 40 54       13
Aug 28 2015 13 35 40 60 68       9
Aug 25 2015 5 44 54 59 63       1
Aug 21 2015 13 15 21 41 72       1
Aug 18 2015 2 7 33 39 53       9
Aug 14 2015 12 15 20 52 71       3
Aug 11 2015 3 8 29 57 68       8
Aug 07 2015 1 38 53 63 66       10
Aug 04 2015 2 19 44 51 57       14
Jul 31 2015 28 32 33 40 46       10
Jul 28 2015 8 35 61 68 75       15
Jul 24 2015 10 12 26 60 62       13
Jul 21 2015 20 30 62 65 74       1
Jul 17 2015 6 17 30 31 41       15
Jul 14 2015 19 24 30 35 72       5
Jul 10 2015 24 27 45 51 54       8
Jul 07 2015 6 15 16 28 49       14
Jul 03 2015 33 50 64 71 72       9
Jun 30 2015 11 17 34 43 50       15
Jun 26 2015 12 23 33 47 50       3
Jun 23 2015 6 13 38 56 70       2
Jun 19 2015 4 35 36 52 68       8
Jun 16 2015 8 19 26 56 67       14
Jun 12 2015 1 40 42 56 62       2
Jun 09 2015 6 16 17 25 36       7
Jun 05 2015 7 22 27 41 49       10
Jun 02 2015 2 9 11 22 23       12
May 29 2015 20 27 38 49 66       2
May 26 2015 1 39 52 69 72       12
May 22 2015 3 14 15 25 48       8
May 19 2015 10 12 21 29 65       10
May 15 2015 11 17 21 36 74       15
May 12 2015 14 30 33 36 44       2
May 08 2015 9 21 25 66 72       7
May 05 2015 11 21 42 62 71       7
May 01 2015 17 18 61 66 74       3
Apr 28 2015 22 27 55 58 63       11
Apr 24 2015 24 25 29 47 67       4
Apr 21 2015 31 33 35 41 69       11
Apr 17 2015 15 18 29 41 50       5
Apr 14 2015 3 7 25 68 71       3
Apr 10 2015 6 11 32 46 68       9
Apr 07 2015 5 15 22 26 64       6
Apr 03 2015 10 36 47 63 74       2
Mar 31 2015 8 26 41 61 73       11
Mar 27 2015 17 21 36 58 70       3
Mar 24 2015 2 23 32 45 55       12
Mar 20 2015 7 50 54 61 75       7
Mar 17 2015 11 27 44 45 58       3
Mar 13 2015 8 22 30 42 45       3
Mar 10 2015 10 14 19 30 73       14
Mar 06 2015 30 48 55 68 73       5
Mar 03 2015 9 11 42 44 50       3
Feb 27 2015 7 49 53 60 64       4
Feb 24 2015 15 23 26 45 66       4
Feb 20 2015 2 6 8 52 66       13
Feb 17 2015 6 45 50 65 66       1
Feb 13 2015 4 20 44 65 74       14
Feb 10 2015 7 42 53 58 71       15
Feb 06 2015 5 6 17 33 68       13
Feb 03 2015 11 22 25 58 69       13
Jan 30 2015 18 31 39 45 55       6
Jan 27 2015 5 26 27 44 57       7
Jan 23 2015 14 15 32 68 72       8
Jan 20 2015 31 35 56 59 63       6
Jan 16 2015 26 32 44 45 58       11
Jan 13 2015 12 20 25 50 51       7
Jan 09 2015 37 49 50 56 57       8
Jan 06 2015 12 20 27 38 75       4
Jan 02 2015 13 15 35 62 74       12
Dec 30 2014 3 7 44 63 67       12
Dec 26 2014 2 5 10 20 38       14
Dec 23 2014 4 10 31 56 66       7
Dec 19 2014 14 18 58 59 68       4
Dec 16 2014 41 58 68 72 73       1
Dec 12 2014 2 31 46 58 65       7
Dec 09 2014 27 45 49 51 52       14
Dec 05 2014 4 5 11 51 59       5
Dec 02 2014 13 18 22 49 62       11
Nov 28 2014 8 26 29 36 47       10
Nov 25 2014 10 11 29 47 56       4
Nov 21 2014 3 12 35 37 63       15
Nov 18 2014 37 39 53 68 75       6
Nov 14 2014 3 49 61 62 68       15
Nov 11 2014 23 25 28 30 75       11
Nov 07 2014 31 35 41 65 66       5
Nov 04 2014 9 15 24 39 41       1
Oct 31 2014 11 29 36 58 67       15
Oct 28 2014 3 50 57 58 60       11
Oct 24 2014 2 14 21 28 55       3
Oct 21 2014 5 35 37 41 66       11
Oct 17 2014 21 31 43 56 60       12
Oct 14 2014 11 37 46 64 68       15
Oct 10 2014 2 32 35 50 59       3
Oct 07 2014 16 29 46 48 55       2
Oct 03 2014 3 20 34 58 67       6
Sep 30 2014 3 16 52 54 61       6
Sep 26 2014 17 26 35 46 62       9
Sep 23 2014 21 24 25 40 43       12
Sep 19 2014 16 25 27 29 34       2
Sep 16 2014 25 45 51 53 73       2
Sep 12 2014 18 28 33 36 42       7
Sep 09 2014 25 34 55 70 71       1
Sep 05 2014 7 12 20 24 59       7
Sep 02 2014 1 8 54 69 72       1
Aug 29 2014 3 26 45 58 73       12
Aug 26 2014 29 31 51 60 64       1
Aug 22 2014 5 31 34 41 74       3
Aug 19 2014 22 39 56 67 71       15
Aug 15 2014 16 19 28 29 68       9
Aug 12 2014 32 53 60 63 68       6
Aug 08 2014 9 16 61 70 75       7
Aug 05 2014 25 28 36 45 53       6
Aug 01 2014 13 29 34 37 72       6
Jul 29 2014 2 8 16 43 74       1
Jul 25 2014 22 29 33 41 68       12
Jul 22 2014 14 18 22 31 47       15
Jul 18 2014 5 8 59 65 72       3
Jul 15 2014 2 4 17 36 40       5
Jul 11 2014 9 13 30 35 69       10
Jul 08 2014 14 25 27 48 49       9
Jul 04 2014 16 33 39 58 69       2
Jul 01 2014 9 22 38 47 49       15
Jun 27 2014 15 29 31 46 64       10
Jun 24 2014 13 17 24 47 65       10
Jun 20 2014 1 22 25 29 56       3
Jun 17 2014 10 14 24 47 60       3
Jun 13 2014 7 38 46 49 56       1
Jun 10 2014 2 10 24 26 74       7
Jun 06 2014 12 29 37 49 72       9
Jun 03 2014 19 28 62 66 74       6
May 30 2014 10 13 42 43 62       2
May 27 2014 1 6 10 46 58       13
May 23 2014 12 14 21 38 70       15
May 20 2014 10 40 63 64 69       7
May 16 2014 13 14 16 50 56       11
May 13 2014 37 46 48 70 74       1
May 09 2014 10 28 39 51 59       14
May 06 2014 18 20 27 48 51       5
May 02 2014 1 18 26 35 40       13
Apr 29 2014 7 43 59 61 66       3
Apr 25 2014 3 11 18 20 66       9
Apr 22 2014 2 18 19 49 50       1
Apr 18 2014 18 25 38 45 63       9
Apr 15 2014 4 39 46 47 70       13
Apr 11 2014 3 42 44 47 57       8
Apr 08 2014 35 36 41 60 71       3
Apr 04 2014 1 10 15 41 54       9
Apr 01 2014 10 23 68 74 75       9
Mar 28 2014 2 3 9 50 73       12
Mar 25 2014 19 26 51 57 73       15
Mar 21 2014 2 23 30 35 53       10
Mar 18 2014 11 19 24 33 51       7
Mar 14 2014 7 20 40 54 69       12
Mar 11 2014 9 14 56 57 69       10
Mar 07 2014 11 13 51 57 69       1
Mar 04 2014 10 29 31 35 45       10
Feb 28 2014 3 31 50 58 59       6
Feb 25 2014 12 18 25 35 66       15
Feb 21 2014 23 29 32 45 46       15
Feb 18 2014 23 29 31 37 70       14
Feb 14 2014 20 28 35 71 72       7
Feb 11 2014 43 64 67 71 73       4
Feb 07 2014 11 21 23 35 64       10
Feb 04 2014 25 44 49 60 73       9
Jan 31 2014 3 9 13 47 52       8
Jan 28 2014 7 16 28 53 60       2
Jan 24 2014 22 45 46 47 65       10
Jan 21 2014 8 23 33 45 52       4
Jan 17 2014 1 10 26 31 51       11
Jan 14 2014 4 23 26 62 69       13
Jan 10 2014 8 28 36 37 57       8
Jan 07 2014 13 34 56 62 64       6
Jan 03 2014 22 24 25 40 70       5
Dec 31 2013 8 12 34 52 58       8
Dec 27 2013 4 15 35 48 49       11
Dec 24 2013 23 34 53 58 73       2
Dec 20 2013 3 4 31 49 57       6
Dec 17 2013 8 14 17 20 39       7
Dec 13 2013 19 24 26 27 70       12
Dec 10 2013 5 12 22 41 65       13
Dec 06 2013 11 29 44 63 64       3
Dec 03 2013 7 12 41 44 59       3
Nov 29 2013 9 41 43 47 57       5
Nov 26 2013 27 44 59 74 75       3
Nov 22 2013 17 23 35 36 44       8
Nov 19 2013 14 15 29 49 63       2
Nov 15 2013 25 44 49 54 63       8
Nov 12 2013 20 30 32 42 71       15
Nov 08 2013 41 42 51 57 65       7
Nov 05 2013 2 11 42 64 74       2
Nov 01 2013 32 35 49 62 67       1
Oct 29 2013 20 33 50 53 54       7
Oct 25 2013 6 16 45 54 60       15
Oct 22 2013 2 3 19 52 71       14
Oct 18 2013 5 20 45 48 56       1
Oct 15 2013 4 23 30 43 50       11
Oct 11 2013 3 27 37 45 48       46
Oct 08 2013 6 15 19 23 40       5
Oct 04 2013 4 16 24 25 44       5
Oct 01 2013 7 10 30 37 53       1
Sep 27 2013 9 23 27 49 51       38
Sep 24 2013 4 11 32 39 40       33
Sep 20 2013 1 15 20 21 47       34
Sep 17 2013 6 15 27 31 39       25
Sep 13 2013 9 22 28 48 54       8
Sep 10 2013 2 12 18 54 56       1
Sep 06 2013 2 16 17 22 41       31
Sep 03 2013 4 13 14 28 41       28
Aug 30 2013 6 19 24 43 44       33
Aug 27 2013 4 7 30 36 38       38
Aug 23 2013 1 9 17 20 53       14
Aug 20 2013 13 28 35 38 41       33
Aug 16 2013 7 13 26 36 46       37
Aug 13 2013 2 31 32 37 41       40
Aug 09 2013 11 20 30 34 38       12
Aug 06 2013 1 11 16 51 55       41
Aug 02 2013 8 21 23 25 39       4
Jul 30 2013 25 27 36 42 44       39
Jul 26 2013 4 22 23 27 38       42
Jul 23 2013 25 32 35 50 51       46
Jul 19 2013 16 20 24 39 42       46
Jul 16 2013 10 14 21 40 53       20
Jul 12 2013 4 5 25 27 51       10
Jul 09 2013 3 21 43 45 48       14
Jul 05 2013 2 23 41 47 54       42
Jul 02 2013 36 42 51 52 53       40
Jun 28 2013 8 15 35 46 52       38
Jun 25 2013 3 5 28 33 51       16
Jun 21 2013 3 14 17 40 50       3
Jun 18 2013 6 17 34 40 48       30
Jun 14 2013 2 5 31 33 34       20
Jun 11 2013 15 40 45 50 53       28
Jun 07 2013 1 10 37 48 55       21
Jun 04 2013 10 11 12 20 55       19
May 31 2013 2 20 26 44 46       26
May 28 2013 4 12 25 32 54       36
May 24 2013 4 5 16 18 53       28
May 21 2013 2 15 17 48 55       11
May 17 2013 11 15 35 43 49       41
May 14 2013 6 10 12 28 32       38
May 10 2013 1 19 20 39 49       28
May 07 2013 1 6 13 20 51       31
May 03 2013 2 20 34 42 54       39
Apr 30 2013 21 30 34 39 49       43
Apr 26 2013 17 42 49 54 55       31
Apr 23 2013 9 21 22 32 50       10
Apr 19 2013 6 8 12 22 43       28
Apr 16 2013 2 5 15 18 39       42
Apr 12 2013 1 10 13 19 21       28
Apr 09 2013 17 30 41 48 54       13
Apr 05 2013 8 15 23 36 41       5
Apr 02 2013 7 10 14 40 47       34
Mar 29 2013 25 31 36 46 53       21
Mar 26 2013 20 33 46 49 51       46
Mar 22 2013 14 27 34 37 41       38
Mar 19 2013 3 6 14 21 37       35
Mar 15 2013 4 8 17 22 32       8
Mar 12 2013 9 12 19 20 30       39
Mar 08 2013 4 11 25 34 35       44
Mar 05 2013 6 20 39 41 46       42
Mar 01 2013 17 30 38 43 51       20
Feb 26 2013 6 7 13 15 43       7
Feb 22 2013 9 13 24 38 49       30
Feb 19 2013 1 15 19 30 56       28
Feb 15 2013 11 35 41 42 44       42
Feb 12 2013 9 22 32 38 55       44
Feb 08 2013 6 15 20 39 50       5
Feb 05 2013 2 5 10 26 44       46
Feb 01 2013 1 30 32 40 41       17
Jan 29 2013 8 12 27 46 47       6
Jan 25 2013 11 12 17 31 48       1
Jan 22 2013 7 11 16 39 54       13
Jan 18 2013 8 18 25 42 49       14
Jan 15 2013 1 6 12 19 41       14
Jan 11 2013 24 29 30 34 56       1
Jan 08 2013 3 20 21 38 42       19
Jan 04 2013 1 2 23 25 55       39
Jan 01 2013 4 11 21 25 44       29
Dec 28 2012 10 13 32 40 41       32
Dec 25 2012 2 3 18 34 48       36
Dec 21 2012 3 18 32 41 56       19
Dec 18 2012 1 6 7 18 29       16
Dec 14 2012 11 28 33 41 43       41
Dec 11 2012 39 44 51 52 54       13
Dec 07 2012 7 43 44 51 56       4
Dec 04 2012 3 19 24 32 43       44
Nov 30 2012 11 22 24 28 31       46
Nov 27 2012 5 12 26 42 49       24
Nov 23 2012 8 37 44 47 48       27
Nov 20 2012 9 13 22 38 52       44
Nov 16 2012 5 24 26 29 53       36
Nov 13 2012 6 12 31 46 56       34
Nov 09 2012 18 22 33 35 40       11
Nov 06 2012 3 5 13 32 35       6
Nov 02 2012 4 18 22 38 44       24
Oct 30 2012 5 12 18 29 56       38
Oct 26 2012 4 15 24 36 40       44
Oct 23 2012 1 17 42 46 55       1
Oct 19 2012 14 34 36 48 53       42
Oct 16 2012 13 37 40 46 52       29
Oct 12 2012 6 10 24 26 42       15
Oct 09 2012 6 15 16 22 37       3
Oct 05 2012 8 9 16 32 39       15
Oct 02 2012 10 11 20 42 55       9
Sep 28 2012 6 8 14 43 56       28
Sep 25 2012 7 8 23 50 51       26
Sep 21 2012 3 13 14 46 55       34
Sep 18 2012 5 9 22 36 49       36
Sep 14 2012 16 17 21 40 51       20
Sep 11 2012 5 11 20 33 36       11
Sep 07 2012 15 32 38 42 46       31
Sep 04 2012 16 32 39 41 53       16
Aug 31 2012 31 40 41 47 48       45
Aug 28 2012 4 9 40 45 50       39
Aug 24 2012 25 34 45 46 49       34
Aug 21 2012 5 13 20 23 33       30
Aug 17 2012 8 20 24 35 56       24
Aug 14 2012 15 23 34 39 55       32
Aug 10 2012 10 18 36 38 44       8
Aug 07 2012 30 32 33 42 48       7
Aug 03 2012 2 10 13 38 46       2
Jul 31 2012 5 18 21 29 41       37
Jul 27 2012 2 3 4 8 43       26
Jul 24 2012 5 9 38 46 51       5
Jul 20 2012 2 44 48 50 52       3
Jul 17 2012 1 13 21 49 55       17
Jul 13 2012 6 7 13 24 46       34
Jul 10 2012 3 11 19 23 36       21
Jul 06 2012 20 23 28 35 39       21
Jul 03 2012 3 4 24 36 52       45
Jun 29 2012 28 34 39 45 53       34
Jun 26 2012 3 16 23 35 36       20
Jun 22 2012 10 16 19 32 36       13
Jun 19 2012 11 21 27 30 53       11
Jun 15 2012 8 12 18 30 40       4
Jun 12 2012 2 9 17 34 50       45
Jun 08 2012 4 9 34 40 48       25
Jun 05 2012 37 39 42 53 55       22
Jun 01 2012 2 27 38 46 52       45
May 29 2012 2 14 29 53 55       31
May 25 2012 9 15 21 40 54       11
May 22 2012 10 14 35 43 52       16
May 18 2012 3 11 22 34 49       1
May 15 2012 10 11 12 14 24       6
May 11 2012 3 15 29 35 54       8
May 08 2012 2 6 8 18 51       19
May 04 2012 4 11 21 42 53       38
May 01 2012 24 27 31 45 52       38
Apr 27 2012 2 5 45 46 47       37
Apr 24 2012 3 9 15 37 38       39
Apr 20 2012 14 23 26 33 35       40
Apr 17 2012 1 16 24 32 48       2
Apr 13 2012 9 14 17 36 42       33
Apr 10 2012 2 6 12 31 48       25
Apr 06 2012 2 19 20 24 33       39
Apr 03 2012 11 35 38 41 52       40
Mar 30 2012 2 4 23 38 46       23
Mar 27 2012 9 19 34 44 51       24
Mar 23 2012 6 17 19 20 21       20
Mar 20 2012 1 4 6 11 14       30
Mar 16 2012 28 29 43 51 53       7
Mar 13 2012 2 8 30 36 48       31
Mar 09 2012 9 10 27 36 42       11
Mar 06 2012 20 24 31 33 36       44
Mar 02 2012 16 29 48 52 54       5
Feb 28 2012 6 15 29 39 51       36
Feb 24 2012 1 16 18 25 27       3
Feb 21 2012 9 30 39 42 47       37
Feb 17 2012 16 25 28 32 40       3
Feb 14 2012 3 5 10 26 27       27
Feb 10 2012 3 4 18 29 50       20
Feb 07 2012 17 23 30 37 45       4
Feb 03 2012 7 19 21 49 53       35
Jan 31 2012 9 17 18 28 43       9
Jan 27 2012 3 5 30 36 48       23
Jan 24 2012 10 22 24 36 49       33
Jan 20 2012 1 9 28 38 47       8
Jan 17 2012 3 15 31 36 53       27
Jan 13 2012 10 27 28 37 51       19
Jan 10 2012 4 10 16 38 48       34
Jan 06 2012 9 17 28 34 48       46
Jan 03 2012 2 3 15 22 36       23
Dec 30 2011 4 24 45 46 52       1
Dec 27 2011 23 32 33 39 43       8
Dec 23 2011 3 5 8 18 29       14
Dec 20 2011 20 24 27 45 51       31
Dec 16 2011 2 4 26 36 39       27
Dec 13 2011 5 6 22 26 41       6
Dec 09 2011 4 12 29 49 51       44
Dec 06 2011 7 21 29 35 49       39
Dec 02 2011 24 30 48 51 56       45
Nov 29 2011 17 29 43 48 52       36
Nov 25 2011 22 28 42 49 54       43
Nov 22 2011 4 16 23 33 48       38
Nov 18 2011 4 13 33 39 55       3
Nov 15 2011 3 6 24 30 33       21
Nov 11 2011 2 16 22 29 50       27
Nov 08 2011 5 31 45 47 54       4
Nov 04 2011 26 30 32 33 44       1
Nov 01 2011 27 31 39 40 46       36
Oct 28 2011 13 31 49 52 56       41
Oct 25 2011 13 33 40 44 46       8
Oct 21 2011 6 21 35 37 38       17
Oct 18 2011 24 25 45 47 53       42
Oct 14 2011 13 35 42 45 54       26
Oct 11 2011 25 34 38 44 56       27
Oct 07 2011 5 15 19 23 38       19
Oct 04 2011 3 26 40 45 52       11
Sep 30 2011 3 19 21 44 45       29
Sep 27 2011 2 20 28 36 45       37
Sep 23 2011 21 27 32 40 52       36
Sep 20 2011 6 29 38 50 51       39
Sep 16 2011 6 23 41 45 56       24
Sep 13 2011 22 31 43 48 56       45
Sep 09 2011 7 12 19 23 31       45
Sep 06 2011 1 36 38 42 49       19
Sep 02 2011 25 44 48 49 55       20
Aug 30 2011 2 22 25 28 50       18
Aug 26 2011 2 3 27 30 47       36
Aug 23 2011 11 21 44 48 49       23
Aug 19 2011 5 15 53 54 56       22
Aug 16 2011 4 38 41 42 43       44
Aug 12 2011 9 43 51 54 55       13
Aug 09 2011 11 19 39 45 54       15
Aug 05 2011 6 24 28 33 42       19
Aug 02 2011 14 17 19 20 32       28
Jul 29 2011 8 10 22 47 48       35
Jul 26 2011 20 25 35 52 55       10
Jul 22 2011 23 31 32 39 56       38
Jul 19 2011 2 9 10 16 35       40
Jul 15 2011 16 29 30 46 56       6
Jul 12 2011 3 9 11 44 49       9
Jul 08 2011 1 2 22 37 50       45
Jul 05 2011 1 10 13 18 46       19
Jul 01 2011 12 17 30 35 47       26
Jun 28 2011 12 17 27 47 48       33
Jun 24 2011 10 14 40 49 51       4
Jun 21 2011 11 24 25 31 46       17
Jun 17 2011 12 29 46 47 51       24
Jun 14 2011 9 10 20 51 53       24
Jun 10 2011 18 21 27 37 38       7
Jun 07 2011 29 32 35 47 52       13
Jun 03 2011 20 23 41 49 53       31
May 31 2011 28 30 31 37 55       13
May 27 2011 5 7 14 28 56       10
May 24 2011 9 12 21 42 43       42
May 20 2011 10 17 19 45 48       30
May 17 2011 1 2 17 25 48       45
May 13 2011 3 33 39 47 53       9
May 10 2011 11 16 34 40 51       34
May 06 2011 6 18 26 37 41       9
May 03 2011 1 16 29 36 50       16
Apr 29 2011 9 10 11 33 51       29
Apr 26 2011 19 29 32 38 55       15
Apr 22 2011 3 18 46 51 53       17
Apr 19 2011 20 24 32 45 51       43
Apr 15 2011 22 23 33 39 48       29
Apr 12 2011 10 23 39 41 45       15
Apr 08 2011 6 40 45 50 56       11
Apr 05 2011 1 19 20 31 36       9
Apr 01 2011 13 14 35 36 53       19
Mar 29 2011 6 15 23 34 38       43
Mar 25 2011 22 24 31 52 54       4
Mar 22 2011 1 14 35 50 53       43
Mar 18 2011 14 33 34 54 56       37
Mar 15 2011 10 11 12 28 43       45
Mar 11 2011 14 19 21 42 45       6
Mar 08 2011 3 17 19 41 55       24
Mar 04 2011 8 10 15 23 41       7
Mar 01 2011 1 12 19 20 47       25
Feb 25 2011 4 5 17 19 50       7
Feb 22 2011 15 22 23 48 55       31
Feb 18 2011 5 6 7 30 45       42
Feb 15 2011 17 18 24 35 39       18
Feb 11 2011 8 9 17 32 34       13
Feb 08 2011 25 35 36 47 48       18
Feb 04 2011 6 20 29 48 55       6
Feb 01 2011 16 22 23 26 35       31
Jan 28 2011 14 33 48 49 50       18
Jan 25 2011 5 8 31 46 50       4
Jan 21 2011 5 9 21 35 38       20
Jan 18 2011 4 27 29 38 45       5
Jan 14 2011 2 15 17 33 35       8
Jan 11 2011 1 4 11 16 45       37
Jan 07 2011 4 22 42 46 53       20
Jan 04 2011 4 8 15 25 47       42
Dec 31 2010 10 12 13 35 56       9
Dec 28 2010 6 18 36 40 49       7
Dec 24 2010 15 16 27 40 52       16
Dec 21 2010 8 11 12 31 32       29
Dec 17 2010 11 20 26 46 53       12
Dec 14 2010 18 22 25 31 38       29
Dec 10 2010 23 27 33 44 46       36
Dec 07 2010 4 38 45 53 54       9
Dec 03 2010 6 11 12 18 56       12
Nov 30 2010 11 16 19 47 53       2
Nov 26 2010 5 9 34 43 47       8
Nov 23 2010 2 6 12 34 35       33
Nov 19 2010 7 14 31 51 54       35
Nov 16 2010 1 26 27 39 46       21
Nov 12 2010 9 26 28 35 38       10
Nov 09 2010 8 26 28 33 53       11
Nov 05 2010 19 25 34 46 53       15
Nov 02 2010 1 3 12 16 54       46
Oct 29 2010 4 19 26 28 39       14
Oct 26 2010 15 21 30 31 32       26
Oct 22 2010 2 7 18 32 53       18
Oct 19 2010 2 9 14 37 42       41
Oct 15 2010 9 10 13 31 50       10
Oct 12 2010 10 31 36 37 43       15
Oct 08 2010 24 29 37 48 50       19
Oct 05 2010 10 19 24 37 44       27
Oct 01 2010 3 8 21 28 52       43
Sep 28 2010 2 10 13 36 38       18
Sep 24 2010 2 28 38 42 55       25
Sep 21 2010 3 20 43 47 52       26
Sep 17 2010 3 4 14 18 27       13
Sep 14 2010 6 14 50 55 56       1
Sep 10 2010 11 12 17 21 23       20
Sep 07 2010 8 18 22 24 38       23
Sep 03 2010 10 13 20 28 36       9
Aug 31 2010 10 20 29 47 48       38
Aug 27 2010 4 10 26 32 41       31
Aug 24 2010 4 23 24 28 32       31
Aug 20 2010 4 13 20 29 48       36
Aug 17 2010 11 19 40 43 44       33
Aug 13 2010 6 17 24 43 55       36
Aug 10 2010 2 14 26 50 56       12
Aug 06 2010 7 13 30 33 54       30
Aug 03 2010 4 13 20 22 56       32
Jul 30 2010 11 30 40 48 52       42
Jul 27 2010 2 7 10 16 29       8
Jul 23 2010 16 19 39 44 49       26
Jul 20 2010 12 18 28 36 43       19
Jul 16 2010 2 15 18 20 39       34
Jul 13 2010 7 11 14 15 34       14
Jul 09 2010 1 31 33 34 50       41
Jul 06 2010 8 18 45 47 50       36
Jul 02 2010 1 10 12 32 36       25
Jun 29 2010 3 4 15 27 37       35
Jun 25 2010 1 2 13 19 27       21
Jun 22 2010 12 17 21 23 30       24
Jun 18 2010 11 36 37 41 55       7
Jun 15 2010 4 12 13 21 27       46
Jun 11 2010 6 13 33 34 42       25
Jun 08 2010 12 18 28 48 54       6
Jun 04 2010 12 13 15 17 50       23
Jun 01 2010 12 27 44 45 51       30
May 28 2010 3 11 20 29 39       26
May 25 2010 5 14 17 19 24       25
May 21 2010 15 20 23 26 30       17
May 18 2010 11 13 19 37 40       26
May 14 2010 20 21 40 47 56       12
May 11 2010 26 33 43 46 54       9
May 07 2010 2 7 20 34 50       40
May 04 2010 9 21 31 36 43       8
Apr 30 2010 14 20 41 47 53       40
Apr 27 2010 23 37 41 50 55       6
Apr 23 2010 19 26 28 37 52       18
Apr 20 2010 5 8 10 34 42       25
Apr 16 2010 10 16 31 48 50       44
Apr 13 2010 3 12 27 39 47       32
Apr 09 2010 15 18 39 48 53       3
Apr 06 2010 16 43 44 52 56       26
Apr 02 2010 2 17 22 30 31       19
Mar 30 2010 1 11 24 38 44       41
Mar 26 2010 23 41 46 47 52       22
Mar 23 2010 3 25 28 29 40       13
Mar 19 2010 10 31 45 50 54       25
Mar 16 2010 3 22 48 52 56       13
Mar 12 2010 2 15 25 48 53       41
Mar 09 2010 14 16 18 19 29       16
Mar 05 2010 11 31 34 44 52       32
Mar 02 2010 9 12 47 48 56       25
Feb 26 2010 4 14 29 54 56       40
Feb 23 2010 4 16 36 40 53       18
Feb 19 2010 1 22 39 42 46       36
Feb 16 2010 11 12 21 29 45       5
Feb 12 2010 14 16 17 33 47       23
Feb 09 2010 2 17 20 26 48       12
Feb 05 2010 10 20 45 51 53       41
Feb 02 2010 6 7 26 27 49       9
