May 10 2017 9 16 18 23 36 44 1.0
May 06 2017 4 10 27 29 33 48 1.0
May 03 2017 6 7 18 21 29 35 1.0
Apr 29 2017 5 19 26 35 40 41 3.4
Apr 26 2017 2 4 9 16 24 31 3.3
Apr 22 2017 13 17 22 32 39 40 3.3
Apr 19 2017 8 28 32 45 46 47 3.2
Apr 15 2017 8 12 16 18 41 45 3.1
Apr 12 2017 7 10 20 40 45 47 3.1
Apr 08 2017 1 6 28 37 46 49 3.0
Apr 05 2017 2 6 28 31 44 49 3.0
Apr 01 2017 1 6 14 42 43 48 2.8
Mar 29 2017 1 3 13 16 25 34 2.8
Mar 25 2017 10 18 22 24 27 30 2.7
Mar 22 2017 8 12 20 27 31 42 2.6
Mar 18 2017 3 8 9 13 15 44 2.6
Mar 15 2017 3 7 22 42 44 46 2.5
Mar 11 2017 10 18 20 30 33 37 2.4
Mar 08 2017 2 8 10 13 27 41 2.3
Mar 04 2017 7 20 27 35 45 46 2.2
Mar 01 2017 19 26 28 37 38 39 2.2
Feb 25 2017 25 29 31 33 40 42 2.1
Feb 22 2017 12 17 26 27 35 49 2.0
Feb 18 2017 10 15 20 28 35 47 1.9
Feb 15 2017 1 23 26 33 39 41 1.9
Feb 11 2017 1 8 17 21 48 49 1.8
Feb 08 2017 2 16 26 29 43 47 1.7
Feb 04 2017 5 6 26 27 32 41 1.7
Feb 01 2017 12 17 18 33 40 42 1.6
Jan 28 2017 1 2 14 20 34 46 1.6
Jan 25 2017 5 22 25 34 41 45 1.5
Jan 21 2017 6 8 15 21 30 43 1.4
Jan 18 2017 14 22 30 41 45 46 1.4
Jan 14 2017 4 5 20 26 32 40 1.3
Jan 11 2017 8 14 17 44 46 48 1.2
Jan 07 2017 7 18 22 23 26 49 1.2
Jan 04 2017 5 7 10 15 25 26 1.1
Dec 31 2016 5 14 32 38 44 46 1.1
Dec 28 2016 1 7 9 11 41 44 1.0
Dec 24 2016 23 25 27 30 32 38 1.0
Dec 21 2016 4 8 23 28 35 38 1.0
Dec 17 2016 9 14 24 39 41 44 1.0
Dec 14 2016 2 12 29 36 38 44 1.0
Dec 10 2016 9 10 14 25 29 44 1.0
Dec 07 2016 1 17 26 27 35 43 1.0
Dec 03 2016 26 34 35 39 46 47 1.0
Nov 30 2016 7 10 13 26 32 46 1.0
Nov 26 2016 1 12 16 26 33 42 1.0
Nov 23 2016 1 6 26 37 38 46 1.0
Nov 19 2016 4 9 15 19 22 23 1.0
Nov 16 2016 3 10 19 20 44 49 1.0
Nov 12 2016 8 10 36 41 45 47 1.0
Nov 09 2016 20 21 23 27 28 33 1.0
Nov 05 2016 6 26 37 38 40 44 1.0
Nov 02 2016 13 18 27 30 33 41 1.0
Oct 29 2016 7 13 17 18 32 47 1.0
Oct 26 2016 8 9 23 28 29 31 1.0
Oct 22 2016 2 10 23 36 39 49 3.0
Oct 19 2016 4 30 33 41 45 49 2.9
Oct 15 2016 2 7 15 38 40 48 2.8
Oct 12 2016 2 5 13 18 22 32 2.8
Oct 08 2016 17 31 38 40 41 44 2.6
Oct 05 2016 7 23 31 33 45 46 2.6
Oct 01 2016 6 7 9 36 38 45 2.5
Sep 28 2016 2 14 16 17 19 26 2.5
Sep 24 2016 5 22 34 38 42 43 2.4
Sep 21 2016 2 13 38 40 42 44 2.4
Sep 17 2016 10 14 19 25 30 33 2.3
Sep 14 2016 1 4 8 20 46 49 2.2
Sep 10 2016 3 8 14 23 35 44 2.1
Sep 07 2016 6 9 18 35 38 42 2.1
Sep 03 2016 14 37 40 45 47 48 2.0
Aug 31 2016 6 23 30 32 41 49 1.9
Aug 27 2016 15 22 29 36 40 47 1.9
Aug 24 2016 1 32 36 40 45 46 1.8
Aug 20 2016 12 33 36 37 38 47 1.7
Aug 17 2016 1 16 19 21 24 25 1.7
Aug 13 2016 8 9 20 33 43 47 1.6
Aug 10 2016 8 11 14 19 20 35 1.6
Aug 06 2016 1 8 38 44 48 49 1.5
Aug 03 2016 25 31 34 36 39 49 1.4
Jul 30 2016 2 23 24 45 46 49 1.4
Jul 27 2016 6 7 11 30 39 49 1.3
Jul 23 2016 3 19 25 29 34 42 1.3
Jul 20 2016 11 31 37 38 46 47 1.2
Jul 16 2016 2 11 13 27 35 45 1.1
Jul 13 2016 17 19 24 25 39 41 1.1
Jul 09 2016 11 15 22 39 46 48 1.0
Jul 06 2016 19 22 29 38 42 45 1.0
Jul 02 2016 14 15 24 39 42 45 1.0
Jun 29 2016 10 30 34 38 41 45 1.0
Jun 25 2016 7 12 39 42 43 48 1.0
Jun 22 2016 2 3 10 28 42 47 1.0
Jun 18 2016 7 12 17 25 39 42 1.0
Jun 15 2016 7 18 26 34 41 46 1.0
Jun 11 2016 19 26 32 36 37 48 1.0
Jun 08 2016 14 22 39 42 45 46 1.0
Jun 04 2016 1 4 22 23 33 47 1.0
Jun 01 2016 15 29 32 33 40 48 1.0
May 28 2016 1 2 11 26 30 31 1.0
May 25 2016 1 16 20 23 42 48 1.0
May 21 2016 2 23 30 35 38 42 1.0
May 18 2016 5 15 18 24 30 40 1.0
May 14 2016 6 10 17 22 29 47 1.0
May 11 2016 7 13 14 20 30 48 1.0
May 07 2016 4 14 17 25 32 42 1.0
May 04 2016 7 16 18 34 42 49 1.0
Apr 30 2016 1 13 18 26 27 37 3.6
Apr 27 2016 5 9 14 24 27 46 3.5
Apr 23 2016 5 22 24 31 41 44 3.4
Apr 20 2016 2 6 21 22 32 49 3.3
Apr 16 2016 7 31 33 34 35 39 3.3
Apr 13 2016 2 4 10 12 38 46 3.2
