May 24 2017 38 28 33 32 62       15
May 20 2017 45 5 47 54 22       3
May 17 2017 39 4 48 45 11       9
May 13 2017 68 17 20 63 32       19
May 10 2017 62 31 56 46 29       8
May 06 2017 31 21 11 41 59       21
May 03 2017 18 49 66 17 59       9
Apr 29 2017 24 22 23 62 45       5
Apr 26 2017 18 1 51 15 26       26
Apr 22 2017 39 21 48 41 63       6
Apr 19 2017 1 19 52 40 37       15
Apr 15 2017 61 26 45 5 22       13
Apr 12 2017 68 63 14 8 61       24
Apr 08 2017 51 53 36 23 60       15
Apr 05 2017 53 20 54 46 8       13
Apr 01 2017 65 9 44 36 32       1
Mar 29 2017 8 62 31 36 15       11
Mar 25 2017 32 18 31 48 45       16
Mar 22 2017 2 29 9 27 42       9
Mar 18 2017 25 67 54 44 13       5
Mar 15 2017 30 16 41 48 53       16
Mar 11 2017 57 41 50 26 1       11
Mar 08 2017 42 23 59 46 33       4
Mar 04 2017 2 22 63 19 18       19
Mar 01 2017 16 10 52 40 55       17
Feb 25 2017 6 62 32 47 65       19
Feb 22 2017 52 10 61 28 13       2
Feb 18 2017 9 3 33 7 31       20
Feb 15 2017 33 5 42 38 28       19
Feb 11 2017 37 64 17 9 5       2
Feb 08 2017 49 20 42 14 66       5
Feb 04 2017 52 17 16 13 6       25
Feb 01 2017 9 60 64 43 57       10
Jan 28 2017 39 12 49 69 20       17
Jan 25 2017 18 62 66 68 28       22
Jan 21 2017 45 25 23 67 52       2
Jan 18 2017 41 9 58 40 53       12
Jan 14 2017 55 69 23 64 59       13
Jan 11 2017 1 16 13 43 3       24
Jan 07 2017 37 63 12 24 3       10
Jan 04 2017 17 16 42 41 29       4
Dec 31 2016 1 28 3 67 57       9
Dec 28 2016 30 23 44 58 16       4
Dec 24 2016 38 52 42 51 28       21
Dec 21 2016 25 68 40 54 33       3
Dec 17 2016 16 40 8 48 1       10
Dec 14 2016 39 18 66 37 26       15
Dec 10 2016 32 21 12 44 66       15
Dec 07 2016 49 64 48 41 53       20
Dec 03 2016 27 26 33 8 10       22
Nov 30 2016 3 45 25 14 18       7
Nov 26 2016 21 17 37 44 19       16
Nov 23 2016 7 61 41 47 32       3
Nov 19 2016 24 61 43 16 28       21
Nov 16 2016 28 61 63 41 65       7
Nov 12 2016 20 8 27 52 17       24
Nov 09 2016 28 31 54 25 1       2
Nov 05 2016 31 50 69 21 51       8
Nov 02 2016 18 54 61 13 37       5
Oct 29 2016 42 48 20 21 19       23
Oct 26 2016 48 56 2 16 3       24
Oct 22 2016 1 55 33 28 56       22
Oct 19 2016 43 63 16 38 10       23
Oct 15 2016 64 49 57 23 67       20
Oct 12 2016 34 44 30 16 37       16
Oct 08 2016 3 64 68 61 54       9
Oct 05 2016 60 29 18 27 8       15
Oct 01 2016 12 64 50 61 2       1
Sep 28 2016 30 53 62 38 52       1
Sep 24 2016 15 7 29 41 20       22
Sep 21 2016 63 67 1 69 28       17
Sep 17 2016 51 19 9 62 55       14
Sep 14 2016 10 31 23 28 11       14
Sep 10 2016 3 17 49 55 68       8
Sep 07 2016 23 55 33 22 29       21
Sep 03 2016 39 59 7 67 50       25
Aug 31 2016 10 56 24 61 5       12
Aug 27 2016 48 32 63 4 49       20
Aug 24 2016 25 11 9 65 64       16
Aug 20 2016 68 3 21 6 60       24
Aug 17 2016 44 49 33 50 52       8
Aug 13 2016 44 38 64 69 60       6
Aug 10 2016 64 56 61 23 67       12
Aug 06 2016 52 33 47 36 20       12
Aug 03 2016 66 27 11 9 67       2
Jul 30 2016 32 21 17 23 11       5
Jul 27 2016 10 47 68 65 50       24
Jul 23 2016 39 5 35 7 23       11
Jul 20 2016 6 58 66 25 35       5
Jul 16 2016 11 50 40 17 62       26
Jul 13 2016 57 15 29 3 54       10
Jul 09 2016 32 28 10 64 61       12
Jul 06 2016 66 57 2 31 24       18
Jul 02 2016 63 39 59 34 10       4
Jun 29 2016 29 37 23 64 60       6
Jun 25 2016 36 3 56 69 27       25
Jun 22 2016 14 42 43 52 40       17
Jun 18 2016 53 2 23 63 41       11
Jun 15 2016 33 4 24 31 22       10
Jun 11 2016 36 58 27 41 20       7
Jun 08 2016 37 69 12 25 60       20
Jun 04 2016 20 16 43 64 22       17
Jun 01 2016 40 69 33 23 30       12
May 28 2016 6 34 33 59 58       12
May 25 2016 64 24 59 41 11       15
May 21 2016 9 32 5 7 23       26
May 18 2016 25 67 39 23 54       11
May 14 2016 64 27 65 13 47       9
May 11 2016 69 32 52 66 20       23
May 07 2016 25 66 44 5 26       9
May 04 2016 47 69 30 66 57       3
Apr 30 2016 32 16 3 34 12       14
Apr 27 2016 25 39 64 2 33       17
Apr 23 2016 46 62 59 35 19       13
Apr 20 2016 62 30 12 25 52       8
Apr 16 2016 32 3 25 51 18       3
Apr 13 2016 30 35 38 33 64       22
Apr 09 2016 14 23 41 61 22       9
Apr 06 2016 65 28 49 60 4       25
Apr 02 2016 9 61 28 40 30       3
Mar 30 2016 55 24 63 53 44       19
Mar 26 2016 23 42 68 52 11       6
Mar 23 2016 22 15 49 5 8       25
Mar 19 2016 11 60 23 54 43       3
Mar 16 2016 46 50 12 13 10       21
Mar 12 2016 28 11 50 57 62       23
Mar 09 2016 32 34 14 23 68       3
Mar 05 2016 3 34 27 59 69       19
Mar 02 2016 62 52 13 12 44       6
Feb 27 2016 22 11 53 21 10       18
Feb 24 2016 67 21 65 31 64       5
Feb 20 2016 54 12 11 16 15       25
Feb 17 2016 29 27 7 40 17       25
Feb 13 2016 7 15 36 18 19       20
Feb 10 2016 2 62 40 50 3       5
Feb 06 2016 13 4 36 31 52       8
Feb 03 2016 26 60 67 31 28       23
Jan 30 2016 16 5 12 31 43       18
Jan 27 2016 40 52 3 67 12       21
Jan 23 2016 32 22 40 69 34       19
Jan 20 2016 44 5 39 69 47       24
Jan 16 2016 61 52 51 64 3       6
Jan 13 2016 8 27 34 4 19       10
Jan 09 2016 32 16 19 57 34       13
Jan 06 2016 47 2 63 62 11       17
Jan 02 2016 42 15 6 5 29       10
Dec 30 2015 12 61 54 38 36       22
Dec 26 2015 65 40 44 59 27       20
Dec 23 2015 67 16 63 38 55       25
Dec 19 2015 30 68 59 41 28       10
Dec 16 2015 9 42 10 55 32       6
Dec 12 2015 62 2 30 19 14       22
Dec 09 2015 16 46 10 56 7       1
Dec 05 2015 47 33 68 27 13       13
Dec 02 2015 14 18 19 64 32       9
Nov 28 2015 47 2 66 67 6       2
Nov 25 2015 53 16 69 58 29       21
Nov 21 2015 37 57 47 50 52       21
Nov 18 2015 40 17 46 69 41       6
Nov 14 2015 66 37 22 14 45       5
Nov 11 2015 26 4 32 55 64       18
Nov 07 2015 50 53 7 16 25       15
Nov 04 2015 12 2 17 20 65       17
Oct 31 2015 9 47 20 25 68       7
Oct 28 2015 56 62 54 63 4       10
Oct 24 2015 20 31 56 60 64       2
Oct 21 2015 57 32 30 42 56       11
Oct 17 2015 57 62 69 49 48       19
Oct 14 2015 20 15 31 40 29       1
Oct 10 2015 27 68 12 43 29       1
Oct 07 2015 52 40 48 18 30       9
Oct 03 2015 33 6 46 44 26       4
Sep 30 2015 40 59 21 39 55       17
Sep 26 2015 23 57 42 31 50       5
Sep 23 2015 8 29 51 58 41       5
Sep 19 2015 12 43 17 26 48       24
Sep 16 2015 7 5 39 24 31       7
Sep 12 2015 35 3 16 2 13       27
Sep 09 2015 50 44 45 51 47       8
Sep 05 2015 29 10 18 16 45       19
Sep 02 2015 17 46 22 30 56       16
Aug 29 2015 25 18 29 21 28       16
Aug 26 2015 22 56 2 45 32       12
Aug 22 2015 12 14 21 4 55       7
Aug 19 2015 6 43 48 50 8       7
Aug 15 2015 3 17 13 52 42       24
Aug 12 2015 29 38 8 13 52       28
Aug 08 2015 34 48 54 52 9       15
Aug 05 2015 42 14 9 16 11       19
Aug 01 2015 13 7 49 24 57       15
Jul 29 2015 4 52 22 27 28       35
Jul 25 2015 27 44 41 29 34       2
Jul 22 2015 31 12 57 44 43       11
Jul 18 2015 39 6 37 45 55       33
Jul 15 2015 45 34 13 50 16       11
Jul 11 2015 46 39 52 11 54       3
Jul 08 2015 30 27 25 15 4       18
Jul 04 2015 24 18 6 3 14       21
Jul 01 2015 24 41 31 26 7       25
Jun 27 2015 35 18 46 49 28       27
Jun 24 2015 5 10 3 22 32       7
Jun 20 2015 20 16 10 57 9       15
Jun 17 2015 22 20 21 54 41       7
Jun 13 2015 41 29 52 54 48       29
Jun 10 2015 49 32 31 53 48       25
Jun 06 2015 18 43 13 8 27       15
Jun 03 2015 6 40 37 13 8       11
May 30 2015 57 25 8 56 9       22
May 27 2015 8 15 59 34 53       23
May 23 2015 31 9 43 17 15       16
May 20 2015 12 1 44 28 35       25
May 16 2015 48 24 38 52 29       32
May 13 2015 31 29 1 47 25       7
May 09 2015 58 4 17 35 15       17
May 06 2015 24 41 39 23 27       30
May 02 2015 2 31 6 11 30       33
Apr 29 2015 26 1 38 34 51       6
Apr 25 2015 45 21 35 33 38       12
Apr 22 2015 10 14 25 39 53       18
Apr 18 2015 31 22 13 23 29       17
Apr 15 2015 1 21 29 16 40       30
Apr 11 2015 58 1 32 42 12       12
Apr 08 2015 1 19 45 58 46       29
Apr 04 2015 41 33 39 54 40       28
Apr 01 2015 44 39 30 33 2       1
Mar 28 2015 38 2 12 4 6       17
Mar 25 2015 54 23 19 7 50       14
Mar 21 2015 30 38 16 11 42       7
Mar 18 2015 30 47 33 25 14       8
Mar 14 2015 46 47 8 14 39       18
Mar 11 2015 24 44 31 11 40       27
Mar 07 2015 50 42 36 38 34       33
Mar 04 2015 8 35 15 12 50       32
Feb 28 2015 25 28 11 17 46       12
Feb 25 2015 39 17 21 32 19       8
Feb 21 2015 18 51 14 34 10       26
Feb 18 2015 29 1 49 9 32       22
Feb 14 2015 44 45 1 24 51       28
Feb 11 2015 25 11 54 13 39       19
Feb 07 2015 34 58 5 21 10       33
Feb 04 2015 51 52 36 24 56       22
Jan 31 2015 16 5 50 11 26       34
Jan 28 2015 49 24 12 36 35       1
Jan 24 2015 19 16 20 33 29       10
Jan 21 2015 57 12 28 15 11       23
Jan 17 2015 15 27 23 36 16       9
Jan 14 2015 10 4 53 2 41       22
Jan 10 2015 19 9 29 2 28       19
Jan 07 2015 47 49 59 15 14       10
Jan 03 2015 4 43 46 55 18       25
Dec 31 2014 40 27 17 53 37       35
Dec 27 2014 36 14 10 11 7       15
Dec 24 2014 46 11 12 47 50       22
Dec 20 2014 19 15 56 31 14       5
Dec 17 2014 47 31 48 38 22       15
Dec 13 2014 5 13 43 55 28       33
Dec 10 2014 48 34 55 44 54       10
Dec 06 2014 43 22 49 15 12       14
Dec 03 2014 54 30 32 46 25       26
Nov 29 2014 13 30 24 42 48       27
Nov 26 2014 46 17 22 16 54       35
Nov 22 2014 54 53 23 57 49       35
Nov 19 2014 38 6 36 48 51       17
Nov 15 2014 35 16 33 51 13       28
Nov 12 2014 55 37 39 52 51       11
Nov 08 2014 9 33 19 38 54       15
Nov 05 2014 19 2 11 21 42       34
Nov 01 2014 1 38 25 13 3       17
Oct 29 2014 48 28 59 25 57       16
Oct 25 2014 54 57 51 6 10       12
Oct 22 2014 40 42 30 29 50       16
Oct 18 2014 36 20 54 27 26       19
Oct 15 2014 5 7 28 27 19       20
Oct 11 2014 37 39 38 19 10       28
Oct 08 2014 46 50 16 31 5       18
Oct 04 2014 13 33 18 24 25       31
Oct 01 2014 20 1 45 18 4       7
Sep 27 2014 54 11 52 35 2       13
Sep 24 2014 7 14 24 41 21       26
Sep 20 2014 23 22 30 39 37       16
Sep 17 2014 36 18 25 50 48       23
Sep 13 2014 37 6 1 53 16       27
Sep 10 2014 14 39 2 40 43       13
Sep 06 2014 29 43 31 50 9       18
Sep 03 2014 43 2 51 45 16       35
Aug 30 2014 5 52 28 59 31       27
Aug 27 2014 24 17 45 46 26       19
Aug 23 2014 52 28 36 32 35       31
Aug 20 2014 21 40 8 38 4       3
Aug 16 2014 7 8 17 59 48       9
Aug 13 2014 37 8 40 52 39       24
Aug 09 2014 34 12 31 51 3       24
Aug 06 2014 49 1 8 24 28       24
Aug 02 2014 12 46 44 47 26       29
Jul 30 2014 49 13 30 53 42       29
Jul 26 2014 38 39 28 24 30       16
Jul 23 2014 22 12 4 31 10       3
Jul 19 2014 10 53 17 25 45       9
Jul 16 2014 5 32 26 18 15       35
Jul 12 2014 23 7 2 3 51       26
Jul 09 2014 9 55 42 25 57       14
Jul 05 2014 34 58 24 36 57       11
Jul 02 2014 58 18 53 8 45       35
Jun 28 2014 56 8 12 43 34       9
Jun 25 2014 50 53 10 20 25       35
Jun 21 2014 41 6 54 5 37       26
Jun 18 2014 6 52 59 29 9       7
Jun 14 2014 33 54 42 9 45       30
Jun 11 2014 14 25 33 18 49       23
Jun 07 2014 58 30 35 28 59       15
Jun 04 2014 22 7 1 10 49       24
May 31 2014 34 15 48 27 31       1
May 28 2014 24 2 28 32 59       25
May 24 2014 55 15 49 16 28       18
May 21 2014 20 34 58 4 39       31
May 17 2014 32 23 47 39 49       22
May 14 2014 55 7 52 33 39       33
May 10 2014 41 47 55 31 4       1
May 07 2014 48 31 17 49 29       34
May 03 2014 15 5 46 49 16       26
Apr 30 2014 9 2 19 50 11       32
Apr 26 2014 30 3 22 7 33       20
Apr 23 2014 29 48 36 19 25       12
Apr 19 2014 35 6 51 5 29       21
Apr 16 2014 42 34 59 39 44       8
Apr 12 2014 26 45 14 55 54       20
Apr 09 2014 49 14 48 9 44       29
Apr 05 2014 26 11 21 34 33       29
Apr 02 2014 19 22 13 53 8       24
Mar 29 2014 3 12 27 38 2       17
Mar 26 2014 33 41 59 44 28       21
Mar 22 2014 55 13 28 58 31       15
Mar 19 2014 34 23 43 19 2       14
Mar 15 2014 34 5 51 2 58       9
Mar 12 2014 28 54 14 15 37       10
Mar 08 2014 14 24 32 41 10       30
Mar 05 2014 26 3 9 7 54       19
Mar 01 2014 3 8 25 47 30       13
Feb 26 2014 42 11 12 38 17       2
Feb 22 2014 13 2 54 14 3       4
Feb 19 2014 17 49 54 35 1       34
Feb 15 2014 9 23 2 14 21       3
Feb 12 2014 52 49 36 57 44       1
Feb 08 2014 54 37 34 25 24       29
Feb 05 2014 8 57 17 59 32       24
Feb 01 2014 12 15 38 5 27       7
Jan 29 2014 47 23 11 28 32       20
Jan 25 2014 57 8 55 12 18       2
Jan 22 2014 55 2 7 1 9       29
Jan 18 2014 38 14 13 19 31       25
Jan 15 2014 29 8 9 7 24       25
Jan 11 2014 54 15 48 33 10       34
Jan 08 2014 39 28 58 47 10       22
Jan 04 2014 19 58 37 20 41       14
Jan 01 2014 52 48 15 24 40       23
Dec 28 2013 56 51 35 44 8       18
Dec 25 2013 38 56 28 39 23       32
Dec 21 2013 36 51 45 25 40       8
Dec 18 2013 39 7 40 24 37       1
Dec 14 2013 33 41 25 14 32       34
Dec 11 2013 10 18 19 1 13       27
Dec 07 2013 45 13 48 32 20       17
Dec 04 2013 9 6 11 44 31       25
Nov 30 2013 26 5 45 44 57       29
Nov 27 2013 57 25 18 55 50       17
Nov 23 2013 12 52 55 43 5       10
Nov 20 2013 32 4 45 23 18       7
Nov 16 2013 29 37 59 10 44       10
Nov 13 2013 31 5 55 50 56       9
Nov 09 2013 37 56 3 49 9       32
Nov 06 2013 49 1 5 10 15       22
Nov 02 2013 27 40 13 23 24       17
Oct 30 2013 54 2 49 36 40       10
Oct 26 2013 56 6 4 34 49       29
Oct 23 2013 47 34 23 31 3       13
Oct 19 2013 33 9 56 54 57       5
Oct 16 2013 3 42 26 34 28       28
Oct 12 2013 10 58 26 57 8       4
Oct 09 2013 9 38 3 33 19       18
Oct 05 2013 11 39 40 17 12       5
Oct 02 2013 6 51 42 4 25       17
Sep 28 2013 47 53 14 52 54       5
Sep 25 2013 49 7 17 53 2       23
Sep 21 2013 58 54 45 17 12       13
Sep 18 2013 7 10 35 32 22       19
Sep 14 2013 1 25 44 17 37       20
Sep 11 2013 19 33 42 52 11       33
Sep 07 2013 2 22 19 45 26       24
Sep 04 2013 2 45 26 9 47       11
Aug 31 2013 40 25 7 56 2       20
Aug 28 2013 32 19 7 9 6       13
Aug 24 2013 45 17 59 12 25       19
Aug 21 2013 30 48 42 46 40       23
Aug 17 2013 18 54 56 21 46       23
Aug 14 2013 17 43 11 4 51       20
Aug 10 2013 37 58 14 4 12       13
Aug 07 2013 58 5 25 59 30       32
Aug 03 2013 24 36 21 45 42       15
Jul 31 2013 8 24 59 39 49       5
Jul 27 2013 58 53 40 23 9       6
Jul 24 2013 44 29 54 40 9       7
Jul 20 2013 14 27 58 25 38       6
Jul 17 2013 22 1 42 38 34       17
Jul 13 2013 8 37 2 35 22       6
Jul 10 2013 55 45 31 30 59       27
Jul 06 2013 52 2 36 35 13       11
Jul 03 2013 40 6 51 29 3       4
Jun 29 2013 28 8 56 53 30       16
Jun 26 2013 1 46 39 33 18       33
Jun 22 2013 33 57 19 23 13       28
Jun 19 2013 57 47 46 52 7       17
Jun 15 2013 48 55 28 40 36       1
Jun 12 2013 22 16 42 23 55       32
Jun 08 2013 2 26 11 32 22       19
Jun 05 2013 4 36 26 33 55       32
Jun 01 2013 33 53 59 22 28       14
May 29 2013 49 14 9 17 57       2
May 25 2013 27 21 19 6 2       25
May 22 2013 31 35 41 9 57       26
May 18 2013 22 10 13 14 52       11
May 15 2013 2 34 11 41 26       32
May 11 2013 6 23 19 43 13       16
May 08 2013 21 57 26 22 30       27
May 04 2013 26 36 40 7 12       17
May 01 2013 31 22 55 26 54       18
Apr 27 2013 55 54 48 23 3       5
Apr 24 2013 9 59 31 56 19       2
Apr 20 2013 6 39 8 30 48       20
Apr 17 2013 58 18 48 13 36       28
Apr 13 2013 10 57 31 12 56       33
Apr 10 2013 40 1 52 36 53       20
Apr 06 2013 39 29 4 8 7       24
Apr 03 2013 35 8 12 1 6       3
Mar 30 2013 23 46 11 26 55       27
Mar 27 2013 43 48 7 37 52       16
Mar 23 2013 29 53 52 17 31       31
Mar 20 2013 43 17 14 13 54       15
Mar 16 2013 44 53 7 21 3       16
Mar 13 2013 38 9 32 28 5       29
Mar 09 2013 46 52 37 10 40       12
Mar 06 2013 45 10 6 23 41       1
Mar 02 2013 56 13 8 41 3       16
Feb 27 2013 48 20 14 34 3       21
Feb 23 2013 41 31 39 2 5       29
Feb 20 2013 25 3 32 17 19       17
Feb 16 2013 58 16 15 46 50       29
Feb 13 2013 12 43 27 25 23       29
Feb 09 2013 58 36 16 6 5       3
Feb 06 2013 36 38 5 27 41       12
Feb 02 2013 41 33 16 40 11       34
Jan 30 2013 47 16 14 32 52       16
Jan 26 2013 22 49 41 26 3       18
Jan 23 2013 24 43 11 12 45       9
Jan 19 2013 29 8 28 34 38       35
Jan 16 2013 51 21 32 28 9       35
Jan 12 2013 47 21 23 14 10       7
Jan 09 2013 11 20 13 27 59       26
Jan 05 2013 30 49 54 26 51       25
Jan 02 2013 20 18 53 28 35       20
Dec 29 2012 55 52 46 50 36       14
Dec 26 2012 54 43 13 11 23       4
Dec 22 2012 18 44 35 39 1       11
Dec 19 2012 23 20 5 30 8       3
Dec 15 2012 40 23 44 55 15       14
Dec 12 2012 36 25 44 8 10       28
Dec 08 2012 23 40 53 26 7       21
Dec 05 2012 27 19 38 13 17       12
Dec 01 2012 46 10 3 19 36       3
Nov 28 2012 5 23 16 22 29       6
Nov 24 2012 22 32 37 44 50       34
Nov 21 2012 24 30 8 18 39       26
Nov 17 2012 15 59 27 58 3       20
Nov 14 2012 44 10 58 8 30       13
Nov 10 2012 55 32 50 54 42       32
Nov 07 2012 32 45 34 52 58       20
Nov 03 2012 54 4 7 9 30       25
Oct 31 2012 45 31 1 48 27       5
Oct 27 2012 34 56 36 32 22       33
Oct 24 2012 18 50 23 3 21       4
Oct 20 2012 4 28 31 44 21       10
Oct 17 2012 42 23 10 7 1       35
Oct 13 2012 5 2 26 25 49       18
Oct 10 2012 35 18 43 29 26       28
Oct 06 2012 36 59 26 15 34       35
Oct 03 2012 55 23 17 59 36       10
Sep 29 2012 57 14 29 18 28       8
Sep 26 2012 41 26 42 13 39       10
Sep 22 2012 40 42 18 16 2       33
Sep 19 2012 50 1 8 39 5       23
Sep 15 2012 43 26 3 20 48       1
Sep 12 2012 48 56 24 36 33       6
Sep 08 2012 34 44 20 48 6       29
Sep 05 2012 42 4 26 51 19       29
Sep 01 2012 8 44 21 11 49       22
Aug 29 2012 49 54 28 25 56       28
Aug 25 2012 7 20 6 1 49       23
Aug 22 2012 47 31 22 29 55       19
Aug 18 2012 55 41 26 14 59       1
Aug 15 2012 56 27 46 6 51       21
Aug 11 2012 51 13 46 39 4       1
Aug 08 2012 7 15 3 11 28       12
Aug 04 2012 55 30 53 48 19       18
Aug 01 2012 58 3 56 48 16       4
Jul 28 2012 6 50 5 36 13       13
Jul 25 2012 14 3 46 38 35       16
Jul 21 2012 9 54 38 56 31       20
Jul 18 2012 5 2 57 23 20       3
Jul 14 2012 4 46 16 37 32       13
Jul 11 2012 5 36 49 55 22       23
Jul 07 2012 5 3 29 59 39       29
Jul 04 2012 35 19 14 39 56       33
Jun 30 2012 20 7 15 41 44       22
Jun 27 2012 58 34 6 46 40       6
Jun 23 2012 44 1 53 3 41       30
Jun 20 2012 17 11 29 56 57       14
Jun 16 2012 14 16 27 15 8       26
Jun 13 2012 14 57 33 10 7       18
Jun 09 2012 56 45 57 22 18       27
Jun 06 2012 59 48 19 33 30       27
Jun 02 2012 17 45 10 29 9       33
May 30 2012 10 56 9 24 52       14
May 26 2012 49 59 13 41 14       14
May 23 2012 59 7 53 26 4       32
May 19 2012 46 13 8 51 35       30
May 16 2012 21 43 28 3 7       2
May 12 2012 35 24 58 53 10       22
May 09 2012 56 7 1 11 55       1
May 05 2012 12 59 44 20 9       23
May 02 2012 7 33 50 38 8       29
Apr 28 2012 57 40 58 31 39       33
Apr 25 2012 29 43 25 4 34       29
Apr 21 2012 8 42 51 20 6       16
Apr 18 2012 22 39 49 46 20       29
Apr 14 2012 15 16 19 14 24       2
Apr 11 2012 44 42 16 47 23       2
Apr 07 2012 13 30 5 20 17       18
Apr 04 2012 33 24 49 45 1       6
Mar 31 2012 14 5 58 54 36       27
Mar 28 2012 50 58 16 29 11       33
Mar 24 2012 15 37 35 1 47       8
Mar 21 2012 32 43 53 55 56       6
Mar 17 2012 11 55 58 14 49       30
Mar 14 2012 1 8 59 46 41       24
Mar 10 2012 5 41 20 14 17       5
Mar 07 2012 45 35 47 46 12       12
Mar 03 2012 47 30 29 49 45       35
Feb 29 2012 26 1 11 4 23       14
Feb 25 2012 54 11 6 42 53       7
Feb 22 2012 17 39 16 7 51       32
Feb 18 2012 23 50 28 59 56       5
Feb 15 2012 12 11 32 56 52       11
Feb 11 2012 37 52 10 1 57       11
Feb 08 2012 38 51 17 28 39       33
Feb 04 2012 23 56 43 45 15       7
Feb 01 2012 8 13 59 17 34       35
Jan 28 2012 41 54 59 33 5       13
Jan 25 2012 28 19 29 47 4       5
Jan 21 2012 44 12 43 24 45       7
Jan 18 2012 50 34 29 6 44       28
Jan 14 2012 41 30 10 36 38       1
Jan 11 2012 47 5 29 45 19       25
Jan 07 2012 3 24 38 21 39       24
Jan 04 2012 50 35 21 47 46       2
Dec 31 2011 5 25 40 23 28       34
Dec 28 2011 16 27 45 41 21       14
Dec 24 2011 52 51 16 14 30       19
Dec 21 2011 31 15 13 54 10       18
Dec 17 2011 59 28 51 13 49       33
Dec 14 2011 46 52 24 56 2       19
Dec 10 2011 33 41 4 19 59       9
Dec 07 2011 39 20 14 40 3       37
Dec 03 2011 18 5 33 43 45       8
Nov 30 2011 47 6 2 34 35       22
Nov 26 2011 55 20 37 45 39       28
Nov 23 2011 30 35 57 4 59       25
Nov 19 2011 16 9 17 28 30       11
Nov 16 2011 22 25 39 13 51       28
Nov 12 2011 56 4 35 51 36       8
Nov 09 2011 58 59 35 5 57       12
Nov 05 2011 43 39 2 33 40       26
Nov 02 2011 12 39 14 46 34       36
Oct 29 2011 11 40 16 51 56       38
Oct 26 2011 39 21 1 18 55       6
Oct 22 2011 8 3 23 30 58       13
Oct 19 2011 26 35 16 52 58       2
Oct 15 2011 38 24 5 10 43       1
Oct 12 2011 43 10 12 23 47       18
Oct 08 2011 35 3 37 27 45       31
Oct 05 2011 46 7 43 54 20       17
Oct 01 2011 27 43 12 23 1       31
Sep 28 2011 41 51 30 50 53       8
Sep 24 2011 27 12 3 4 44       26
Sep 21 2011 47 52 55 48 12       13
Sep 17 2011 43 22 6 20 32       11
Sep 14 2011 16 50 42 59 41       5
Sep 10 2011 32 53 22 4 19       24
Sep 07 2011 54 3 5 27 18       13
Sep 03 2011 15 52 25 53 54       2
Aug 31 2011 19 35 57 47 13       29
Aug 27 2011 2 54 12 58 25       14
Aug 24 2011 49 53 13 9 47       39
Aug 20 2011 23 2 47 28 17       36
Aug 17 2011 31 28 48 18 52       37
Aug 13 2011 35 9 50 12 58       4
Aug 10 2011 46 41 36 18 11       38
Aug 06 2011 57 59 54 25 30       6
Aug 03 2011 49 19 13 28 21       11
Jul 30 2011 55 20 40 47 41       19
Jul 27 2011 40 51 59 41 38       33
Jul 23 2011 38 1 48 27 7       30
Jul 20 2011 40 42 38 1 4       17
Jul 16 2011 28 48 54 24 50       25
Jul 13 2011 54 18 8 19 32       8
Jul 09 2011 31 9 23 1 11       6
Jul 06 2011 55 50 24 11 15       8
Jul 02 2011 11 29 1 51 18       32
Jun 29 2011 30 24 57 59 45       26
Jun 25 2011 18 39 57 36 41       12
Jun 22 2011 59 12 46 19 15       12
Jun 18 2011 22 38 21 12 41       18
Jun 15 2011 41 43 20 19 38       29
Jun 11 2011 50 16 18 36 27       8
Jun 08 2011 53 37 14 44 45       29
Jun 04 2011 17 58 39 19 41       21
Jun 01 2011 56 38 46 8 18       31
May 28 2011 43 12 20 51 55       11
May 25 2011 50 4 31 42 23       23
May 21 2011 8 49 2 40 50       36
May 18 2011 7 12 42 49 13       16
May 14 2011 40 18 17 8 44       16
May 11 2011 43 32 9 45 17       31
May 07 2011 11 55 47 2 27       15
May 04 2011 15 41 29 27 3       24
Apr 30 2011 41 15 6 13 32       3
Apr 27 2011 40 44 55 24 4       5
Apr 23 2011 58 11 3 48 47       19
Apr 20 2011 9 24 43 34 36       27
Apr 16 2011 21 55 33 45 44       7
Apr 13 2011 4 49 39 50 23       39
Apr 09 2011 53 5 56 14 32       11
Apr 06 2011 56 18 55 10 41       15
Apr 02 2011 43 22 34 6 45       23
Mar 30 2011 58 56 20 19 42       37
Mar 26 2011 10 4 11 33 19       27
Mar 23 2011 15 28 5 26 32       9
Mar 19 2011 11 20 46 27 3       8
Mar 16 2011 53 28 48 39 40       9
Mar 12 2011 4 41 1 12 47       3
Mar 09 2011 12 20 28 40 48       8
Mar 05 2011 42 31 23 48 2       21
Mar 02 2011 50 58 7 31 51       6
Feb 26 2011 4 45 21 17 13       10
Feb 23 2011 32 36 39 29 49       29
Feb 19 2011 12 34 3 42 37       36
Feb 16 2011 23 48 21 9 13       24
Feb 12 2011 32 52 36 48 11       19
Feb 09 2011 51 39 42 11 7       30
Feb 05 2011 15 41 59 37 56       5
Feb 02 2011 33 57 53 3 14       36
Jan 29 2011 28 45 24 52 49       2
Jan 26 2011 4 47 58 5 36       6
Jan 22 2011 34 30 51 31 45       23
Jan 19 2011 36 51 56 22 59       32
Jan 15 2011 22 13 9 37 23       31
Jan 12 2011 48 23 40 21 19       27
Jan 08 2011 7 52 6 33 26       24
Jan 05 2011 40 22 32 26 38       7
Jan 01 2011 37 47 18 22 54       36
Dec 29 2010 18 37 20 16 3       30
Dec 25 2010 52 50 1 38 17       24
Dec 22 2010 33 11 44 47 46       12
Dec 18 2010 43 19 4 11 33       14
Dec 15 2010 32 18 45 10 11       18
Dec 11 2010 1 8 19 10 20       23
Dec 08 2010 25 8 11 58 41       16
Dec 04 2010 27 24 42 31 13       22
Dec 01 2010 10 5 12 11 20       2
Nov 27 2010 47 37 30 54 10       39
Nov 24 2010 20 8 21 37 32       4
Nov 20 2010 12 10 38 53 57       1
Nov 17 2010 14 59 54 53 16       5
Nov 13 2010 30 51 17 48 54       29
Nov 10 2010 5 8 44 40 11       10
Nov 06 2010 7 12 23 34 38       33
Nov 03 2010 34 45 38 39 50       33
Oct 30 2010 49 7 27 1 36       39
Oct 27 2010 25 24 20 59 53       15
Oct 23 2010 20 2 46 7 16       34
Oct 20 2010 20 39 7 17 59       17
Oct 16 2010 28 16 12 11 15       11
Oct 13 2010 46 34 32 22 12       2
Oct 09 2010 42 32 49 6 2       35
Oct 06 2010 26 41 14 37 46       24
Oct 02 2010 30 12 36 20 47       25
Sep 29 2010 52 13 55 44 51       30
Sep 25 2010 8 35 27 16 42       30
Sep 22 2010 10 36 52 24 55       15
Sep 18 2010 18 44 1 39 37       13
Sep 15 2010 7 20 21 34 43       34
Sep 11 2010 36 20 59 17 7       33
Sep 08 2010 10 57 51 35 39       20
Sep 04 2010 33 22 42 14 11       38
Sep 01 2010 40 20 21 17 51       19
Aug 28 2010 32 56 4 27 22       13
Aug 25 2010 17 36 29 16 31       23
Aug 21 2010 7 22 10 27 12       26
Aug 18 2010 47 4 33 32 55       39
Aug 14 2010 9 33 36 50 58       31
Aug 11 2010 22 52 10 23 7       29
Aug 07 2010 52 26 31 22 4       30
Aug 04 2010 53 30 19 37 28       36
Jul 31 2010 1 57 16 41 17       15
Jul 28 2010 1 11 20 27 25       2
Jul 24 2010 59 30 46 38 20       27
Jul 21 2010 16 58 22 30 51       25
Jul 17 2010 27 37 22 45 35       3
Jul 14 2010 21 23 38 20 42       6
Jul 10 2010 28 21 20 56 27       4
Jul 07 2010 10 41 44 56 48       4
Jul 03 2010 52 53 3 14 10       3
Jun 30 2010 38 43 6 48 47       27
Jun 26 2010 57 30 13 38 32       25
Jun 23 2010 48 11 45 30 47       10
Jun 19 2010 54 31 9 30 50       39
Jun 16 2010 29 18 11 36 8       6
Jun 12 2010 38 13 12 9 35       30
Jun 09 2010 22 49 27 14 32       5
Jun 05 2010 18 34 40 59 48       25
Jun 02 2010 39 14 43 9 4       38
May 29 2010 24 3 28 1 41       10
May 26 2010 6 20 10 1 13       32
May 22 2010 20 19 47 57 40       29
May 19 2010 7 58 55 29 2       27
May 15 2010 28 15 36 23 21       20
May 12 2010 52 58 53 37 51       38
May 08 2010 41 5 57 34 22       31
May 05 2010 47 13 34 40 57       11
May 01 2010 23 25 16 49 58       20
Apr 28 2010 28 44 12 22 25       24
Apr 24 2010 57 56 1 53 12       5
Apr 21 2010 11 34 55 41 49       20
Apr 17 2010 22 41 49 21 5       15
Apr 14 2010 14 6 32 52 38       20
Apr 10 2010 21 22 52 49 58       34
Apr 07 2010 36 52 44 4 40       33
Apr 03 2010 10 15 31 52 59       4
Mar 31 2010 13 45 54 5 17       12
Mar 27 2010 21 7 32 52 44       10
Mar 24 2010 14 49 39 24 20       7
Mar 20 2010 9 36 44 45 39       9
Mar 17 2010 55 26 48 45 24       8
Mar 13 2010 16 36 20 6 31       8
Mar 10 2010 41 37 17 50 21       1
Mar 06 2010 41 33 10 59 29       15
Mar 03 2010 14 49 9 7 45       23
Feb 27 2010 47 18 58 53 51       30
Feb 24 2010 50 17 57 35 4       12
Feb 20 2010 13 54 41 37 27       32
Feb 17 2010 36 7 26 8 19       15
Feb 13 2010 14 10 40 51 30       1
Feb 10 2010 29 8 37 38 5       34
Feb 06 2010 22 54 52 14 59       4
Feb 03 2010 37 52 22 36 17       24
Jan 30 2010 26 35 48 47 6       21
Jan 27 2010 15 26 31 6 20       9
Jan 23 2010 53 16 15 42 20       17
Jan 20 2010 46 15 43 44 32       19
Jan 16 2010 41 8 7 55 23       23
Jan 13 2010 32 15 8 11 50       27
Jan 09 2010 41 44 20 54 50       22
Jan 06 2010 56 27 29 20 58       31
Jan 02 2010 23 3 7 42 27       37
Dec 30 2009 5 52 14 38 39       6
Dec 26 2009 53 41 36 32 37       30
Dec 23 2009 52 8 49 51 32       23
Dec 19 2009 24 41 17 47 39       21
Dec 16 2009 23 43 25 35 13       15
Dec 12 2009 14 41 12 13 35       29
Dec 09 2009 58 12 5 1 13       21
Dec 05 2009 41 58 27 39 44       17
Dec 02 2009 37 46 14 34 55       37
Nov 28 2009 46 50 27 28 26       21
Nov 25 2009 18 13 4 59 49       5
Nov 21 2009 26 36 7 49 58       4
Nov 18 2009 58 59 32 50 42       31
Nov 14 2009 57 30 19 48 32       14
Nov 11 2009 12 8 22 29 14       22
Nov 07 2009 32 37 46 50 7       26
Nov 04 2009 51 10 45 11 14       17
Oct 31 2009 19 26 54 41 2       23
Oct 28 2009 51 46 26 3 11       23
Oct 24 2009 38 22 59 49 14       16
Oct 21 2009 34 51 45 6 16       4
Oct 17 2009 16 5 49 30 25       39
Oct 14 2009 15 30 5 40 25       6
Oct 10 2009 45 49 50 13 32       30
Oct 07 2009 2 50 38 21 20       22
Oct 03 2009 50 57 24 12 48       22
Sep 30 2009 52 54 41 42 57       30
Sep 26 2009 34 20 36 39 18       19
Sep 23 2009 7 8 29 20 25       11
Sep 19 2009 25 24 49 30 5       23
Sep 16 2009 17 56 37 40 51       25
Sep 12 2009 13 28 56 41 38       25
Sep 09 2009 16 18 51 53 4       23
Sep 05 2009 35 27 16 9 57       29
Sep 02 2009 23 47 36 18 59       36
Aug 29 2009 1 53 20 37 52       33
Aug 26 2009 43 23 1 21 30       11
Aug 22 2009 6 51 3 20 32       23
Aug 19 2009 43 14 31 51 24       27
Aug 15 2009 14 26 32 15 36       12
Aug 12 2009 32 10 25 47 34       5
Aug 08 2009 45 37 50 33 4       11
Aug 05 2009 34 25 41 49 46       29
Aug 01 2009 53 37 46 39 5       8
Jul 29 2009 38 2 43 5 59       8
Jul 25 2009 33 5 52 46 17       9
Jul 22 2009 6 22 4 16 32       11
Jul 18 2009 21 26 47 4 28       37
Jul 15 2009 26 50 57 52 51       37
Jul 11 2009 39 1 4 42 20       2
Jul 08 2009 50 56 42 53 19       39
Jul 04 2009 22 4 41 44 9       14
Jul 01 2009 38 53 9 52 32       15
Jun 27 2009 48 39 26 18 22       17
Jun 24 2009 53 24 51 16 18       16
Jun 20 2009 28 22 3 11 18       33
Jun 17 2009 53 9 37 5 42       27
Jun 13 2009 20 41 13 35 16       6
Jun 10 2009 26 42 58 27 15       37
Jun 06 2009 45 10 23 30 18       2
Jun 03 2009 22 20 32 16 37       9
May 30 2009 51 42 1 59 23       20
May 27 2009 5 16 6 21 12       7
May 23 2009 52 19 57 34 23       21
May 20 2009 23 30 42 35 31       6
May 16 2009 6 7 40 56 31       38
May 13 2009 30 40 37 32 19       37
May 09 2009 49 32 4 15 58       21
May 06 2009 12 7 22 31 8       18
May 02 2009 45 20 38 42 3       27
Apr 29 2009 6 36 50 19 59       13
Apr 25 2009 52 42 30 8 26       15
Apr 22 2009 30 15 48 22 37       12
Apr 18 2009 7 28 44 43 15       20
Apr 15 2009 59 22 26 16 27       5
Apr 11 2009 46 49 7 35 28       20
Apr 08 2009 52 56 1 6 48       9
Apr 04 2009 21 57 58 14 50       7
Apr 01 2009 2 33 41 54 9       14
Mar 28 2009 48 2 16 41 3       19
Mar 25 2009 23 47 10 20 54       26
Mar 21 2009 49 27 23 52 19       21
Mar 18 2009 16 29 26 45 41       1
Mar 14 2009 7 44 33 30 51       10
Mar 11 2009 13 7 47 3 34       30
Mar 07 2009 59 27 56 28 21       21
Mar 04 2009 6 1 44 55 49       36
Feb 28 2009 3 58 16 20 42       7
Feb 25 2009 32 49 42 56 17       11
Feb 21 2009 31 46 13 45 41       21
Feb 18 2009 44 15 56 39 2       15
Feb 14 2009 2 8 9 33 45       5
Feb 11 2009 5 22 45 49 10       37
Feb 07 2009 18 53 5 28 20       27
Feb 04 2009 24 44 30 32 7       18
Jan 31 2009 33 26 14 41 1       37
Jan 28 2009 10 32 18 5 23       4
Jan 24 2009 6 37 42 20 25       25
Jan 21 2009 26 20 54 46 38       23
Jan 17 2009 9 5 59 23 2       26
Jan 14 2009 46 34 25 8 39       34
Jan 10 2009 8 56 10 18 43       9
Jan 07 2009 23 31 33 38 52       24
Jan 03 2009 38 22 55 24 17       24
Dec 31 2008 11 53 8 7 17       36
Dec 27 2008 12 43 15 31 26       10
Dec 24 2008 17 2 32 22 41       8
Dec 20 2008 3 19 32 54 14       24
Dec 17 2008 11 7 30 24 18       26
Dec 13 2008 40 14 28 26 31       13
Dec 10 2008 37 6 41 24 15       37
Dec 06 2008 53 9 39 43 35       10
Dec 03 2008 17 21 25 16 55       3
Nov 29 2008 5 55 33 39 36       21
Nov 26 2008 11 31 52 26 34       14
Nov 22 2008 19 32 26 45 17       14
Nov 19 2008 8 45 13 39 38       31
Nov 15 2008 7 44 8 12 3       37
Nov 12 2008 18 45 25 1 29       2
Nov 08 2008 40 36 4 21 2       41
Nov 05 2008 18 33 36 4 8       32
Nov 01 2008 40 4 41 6 26       15
Oct 29 2008 37 50 20 30 52       33
Oct 25 2008 1 3 14 38 48       2
Oct 22 2008 17 52 10 33 51       5
Oct 18 2008 40 10 14 32 49       15
Oct 15 2008 3 13 38 32 48       13
Oct 11 2008 39 3 17 47 7       9
Oct 08 2008 48 12 54 17 2       2
Oct 04 2008 39 4 32 1 26       18
Oct 01 2008 43 39 8 9 55       26
Sep 27 2008 40 24 13 29 52       29
Sep 24 2008 32 36 13 21 5       33
Sep 20 2008 47 30 40 28 6       24
Sep 17 2008 12 26 32 23 44       20
Sep 13 2008 29 17 7 51 43       38
Sep 10 2008 37 28 15 53 14       18
Sep 06 2008 26 54 49 25 17       11
Sep 03 2008 49 38 40 46 50       34
Aug 30 2008 14 32 47 2 15       36
Aug 27 2008 13 49 31 48 36       11
Aug 23 2008 47 33 18 48 24       23
Aug 20 2008 15 24 47 35 16       26
Aug 16 2008 5 43 34 52 40       20
Aug 13 2008 31 10 5 23 19       26
Aug 09 2008 53 40 32 49 43       21
Aug 06 2008 24 37 5 36 51       19
Aug 02 2008 5 28 33 2 54       30
Jul 30 2008 25 55 3 51 45       13
Jul 26 2008 51 55 21 12 13       18
Jul 23 2008 52 11 14 35 41       2
Jul 19 2008 55 46 53 6 28       2
Jul 16 2008 3 23 15 42 29       17
Jul 12 2008 20 50 12 2 22       17
Jul 09 2008 5 31 7 49 53       14
Jul 05 2008 24 47 34 1 48       18
Jul 02 2008 46 33 52 48 4       17
Jun 28 2008 26 32 14 34 44       6
Jun 25 2008 53 45 14 21 25       9
Jun 21 2008 8 7 50 31 9       31
Jun 18 2008 52 9 31 39 12       32
Jun 14 2008 50 31 9 20 11       14
Jun 11 2008 7 49 18 28 21       1
Jun 07 2008 26 44 34 12 48       9
Jun 04 2008 18 5 52 40 20       3
May 31 2008 9 17 3 14 25       8
May 28 2008 18 45 22 10 37       9
May 24 2008 40 33 51 52 41       6
May 21 2008 21 33 42 7 16       25
May 17 2008 12 21 14 15 43       30
May 14 2008 46 29 21 32 19       32
May 10 2008 30 7 18 45 41       6
May 07 2008 42 26 25 28 9       26
May 03 2008 28 2 36 46 42       40
Apr 30 2008 25 51 43 17 1       38
Apr 26 2008 27 45 7 12 17       24
Apr 23 2008 22 39 21 20 11       1
Apr 19 2008 24 13 19 39 33       8
Apr 16 2008 21 18 11 16 51       16
Apr 12 2008 52 11 55 48 29       36
Apr 09 2008 46 13 32 3 19       18
Apr 05 2008 30 47 27 12 37       26
Apr 02 2008 37 1 55 44 34       33
Mar 29 2008 18 36 31 25 20       7
Mar 26 2008 20 37 49 9 12       17
Mar 22 2008 48 46 28 25 7       19
Mar 19 2008 29 6 8 49 41       42
Mar 15 2008 6 42 43 47 22       16
Mar 12 2008 30 12 34 19 36       8
Mar 08 2008 29 49 17 34 31       16
Mar 05 2008 10 15 23 16 31       5
Mar 01 2008 31 21 19 2 55       19
Feb 27 2008 37 48 53 20 24       11
Feb 23 2008 23 29 8 13 47       32
Feb 20 2008 20 9 36 22 12       31
Feb 16 2008 3 49 4 20 8       18
Feb 13 2008 32 13 38 51 19       30
Feb 09 2008 24 4 23 43 30       28
Feb 06 2008 3 43 5 42 12       5
Feb 02 2008 14 44 25 26 16       30
Jan 30 2008 55 2 17 41 54       17
Jan 26 2008 39 53 35 11 54       24
Jan 23 2008 48 47 35 4 16       39
Jan 19 2008 28 20 23 25 27       2
Jan 16 2008 9 18 47 38 19       11
Jan 12 2008 47 53 43 23 39       14
Jan 09 2008 2 20 13 23 21       24
Jan 05 2008 33 11 16 4 40       9
Jan 02 2008 31 34 48 11 2       5
Dec 29 2007 8 12 49 17 35       18
Dec 26 2007 55 32 8 54 41       20
Dec 22 2007 34 10 38 5 11       21
Dec 19 2007 22 15 42 18 23       37
Dec 15 2007 47 22 37 48 50       17
Dec 12 2007 7 40 55 33 14       15
Dec 08 2007 31 8 29 25 4       41
Dec 05 2007 8 55 21 15 1       41
Dec 01 2007 41 32 39 55 7       13
Nov 28 2007 23 39 8 32 37       38
Nov 24 2007 7 1 23 35 13       19
Nov 21 2007 13 11 20 3 40       20
Nov 17 2007 53 52 49 27 17       23
Nov 14 2007 16 30 20 18 48       6
Nov 10 2007 6 26 30 24 22       12
Nov 07 2007 46 22 35 52 29       2
Nov 03 2007 1 38 40 53 31       42
Oct 31 2007 29 18 6 37 16       24
Oct 27 2007 13 25 30 40 43       12
Oct 24 2007 10 52 11 49 18       2
Oct 20 2007 40 10 11 37 54       10
Oct 17 2007 46 15 42 19 14       37
Oct 13 2007 21 34 36 30 49       42
Oct 10 2007 31 54 33 16 12       5
Oct 06 2007 33 32 51 8 30       2
Oct 03 2007 2 4 15 28 14       23
Sep 29 2007 38 55 33 31 49       39
Sep 26 2007 27 54 25 31 44       8
Sep 22 2007 4 9 18 55 43       3
Sep 19 2007 26 25 20 46 45       15
Sep 15 2007 51 48 16 13 27       21
Sep 12 2007 47 5 24 26 33       1
Sep 08 2007 12 30 7 48 28       40
Sep 05 2007 48 30 21 20 11       18
Sep 01 2007 19 39 23 37 12       13
Aug 29 2007 33 47 13 16 44       29
Aug 25 2007 23 29 35 8 2       19
Aug 22 2007 12 37 48 40 50       37
Aug 18 2007 15 12 31 28 50       12
Aug 15 2007 19 51 24 22 38       9
Aug 11 2007 37 1 11 10 40       20
Aug 08 2007 52 21 9 16 30       9
Aug 04 2007 27 24 2 36 23       3
Aug 01 2007 16 52 9 23 51       12
Jul 28 2007 19 24 47 27 15       11
Jul 25 2007 28 35 47 40 53       30
Jul 21 2007 46 39 30 14 43       14
Jul 18 2007 9 42 14 40 3       3
Jul 14 2007 1 36 30 34 21       37
Jul 11 2007 43 42 20 29 8       35
Jul 07 2007 47 21 41 15 27       20
Jul 04 2007 17 49 15 1 2       35
Jun 30 2007 38 39 47 24 46       26
Jun 27 2007 9 13 11 24 43       18
Jun 23 2007 27 43 14 15 53       28
Jun 20 2007 23 31 32 37 55       35
Jun 16 2007 8 47 4 51 32       27
Jun 13 2007 47 28 13 30 10       26
Jun 09 2007 10 7 32 25 41       22
Jun 06 2007 45 14 48 5 9       28
Jun 02 2007 2 36 22 32 47       36
May 30 2007 55 7 54 23 35       28
May 26 2007 21 5 46 1 51       29
May 23 2007 38 24 3 11 36       6
May 19 2007 26 19 45 21 3       2
May 16 2007 42 7 16 6 34       23
May 12 2007 30 51 53 44 46       25
May 09 2007 44 2 52 30 13       40
May 05 2007 29 21 13 40 50       6
May 02 2007 40 1 8 47 35       9
Apr 28 2007 16 43 46 49 22       10
Apr 25 2007 14 12 13 17 53       11
Apr 21 2007 45 26 28 22 33       17
Apr 18 2007 13 10 24 12 6       19
Apr 14 2007 12 49 21 36 38       18
Apr 11 2007 42 51 6 38 15       18
Apr 07 2007 28 55 54 2 31       23
Apr 04 2007 39 19 53 30 40       16
Mar 31 2007 36 5 2 16 40       36
Mar 28 2007 47 6 35 20 37       1
Mar 24 2007 53 38 40 10 48       3
Mar 21 2007 53 38 24 54 16       5
Mar 17 2007 17 47 44 7 54       3
Mar 14 2007 44 4 27 30 39       18
Mar 10 2007 42 18 43 34 14       32
Mar 07 2007 18 16 46 19 13       36
Mar 03 2007 16 22 5 1 48       6
Feb 28 2007 41 20 13 42 53       2
Feb 24 2007 42 55 38 54 36       24
Feb 21 2007 8 2 29 22 37       3
Feb 17 2007 35 1 15 37 45       32
Feb 14 2007 3 30 26 54 55       15
Feb 10 2007 41 11 16 42 2       16
Feb 07 2007 22 4 28 37 52       10
Feb 03 2007 13 20 33 42 12       37
Jan 31 2007 48 42 2 25 15       14
Jan 27 2007 10 26 19 32 27       14
Jan 24 2007 53 29 9 42 19       17
Jan 20 2007 1 38 5 26 32       30
Jan 17 2007 52 35 16 49 50       31
Jan 13 2007 21 1 26 23 25       4
Jan 10 2007 45 54 42 53 36       36
Jan 06 2007 24 40 1 50 49       38
Jan 03 2007 12 55 24 35 10       31
Dec 30 2006 31 28 23 9 36       26
Dec 27 2006 14 29 16 27 41       29
Dec 23 2006 27 43 53 8 52       5
Dec 20 2006 6 26 14 1 34       34
Dec 16 2006 28 17 36 5 51       5
Dec 13 2006 33 32 19 54 42       15
Dec 09 2006 52 22 19 34 30       40
Dec 06 2006 38 36 35 7 34       14
Dec 02 2006 42 34 50 45 17       11
Nov 29 2006 2 9 12 8 19       25
Nov 25 2006 55 49 28 5 18       38
Nov 22 2006 22 49 32 36 55       8
Nov 18 2006 42 36 19 1 8       20
Nov 15 2006 11 28 43 30 34       29
Nov 11 2006 40 49 38 35 55       41
Nov 08 2006 12 53 8 11 26       4
Nov 04 2006 44 13 34 12 39       5
Nov 01 2006 46 54 13 7 8       35
Oct 28 2006 38 22 41 30 14       12
Oct 25 2006 16 40 43 48 42       1
Oct 21 2006 45 55 29 9 31       7
Oct 18 2006 41 2 24 34 48       24
Oct 14 2006 26 15 1 17 40       19
Oct 11 2006 38 10 35 5 12       9
Oct 07 2006 4 31 45 3 8       12
Oct 04 2006 39 27 7 3 40       8
Sep 30 2006 30 32 15 39 6       5
Sep 27 2006 49 23 33 35 28       16
Sep 23 2006 21 45 26 13 50       20
Sep 20 2006 54 8 7 29 17       26
Sep 16 2006 26 42 27 7 8       12
Sep 13 2006 15 47 19 45 26       3
Sep 09 2006 20 47 3 22 19       2
Sep 06 2006 27 35 21 55 2       1
Sep 02 2006 24 28 3 49 8       25
Aug 30 2006 35 3 19 43 33       1
Aug 26 2006 26 24 42 38 46       16
Aug 23 2006 17 8 51 24 38       31
Aug 19 2006 12 51 29 22 26       9
Aug 16 2006 22 2 13 50 48       2
Aug 12 2006 14 54 27 18 13       32
Aug 09 2006 52 19 43 41 16       35
Aug 05 2006 48 50 3 9 2       23
Aug 02 2006 24 19 10 16 13       15
Jul 29 2006 14 39 55 19 26       29
Jul 26 2006 10 5 24 17 43       31
Jul 22 2006 40 47 14 55 54       6
Jul 19 2006 44 50 2 38 32       21
Jul 15 2006 36 20 47 50 35       5
Jul 12 2006 31 33 30 18 19       15
Jul 08 2006 50 44 49 32 37       13
Jul 05 2006 26 52 39 41 53       20
Jul 01 2006 40 35 42 2 31       34
Jun 28 2006 45 51 8 16 2       32
Jun 24 2006 39 8 47 11 30       23
Jun 21 2006 11 19 22 43 45       34
Jun 17 2006 39 48 20 22 10       25
Jun 14 2006 4 40 14 48 15       12
Jun 10 2006 36 54 24 26 16       11
Jun 07 2006 20 10 4 26 40       8
Jun 03 2006 20 5 18 50 6       35
May 31 2006 49 22 20 43 10       3
May 27 2006 41 6 27 23 47       19
May 24 2006 3 12 47 51 2       10
May 20 2006 23 2 9 44 45       38
May 17 2006 15 26 24 35 17       38
May 13 2006 30 54 19 47 28       13
May 10 2006 4 3 11 44 37       24
May 06 2006 38 12 32 23 25       27
May 03 2006 38 19 6 42 4       37
Apr 29 2006 19 40 35 30 41       14
Apr 26 2006 55 26 48 24 12       14
Apr 22 2006 4 6 27 5 18       24
Apr 19 2006 32 53 34 5 28       10
Apr 15 2006 46 23 13 28 18       33
Apr 12 2006 34 41 26 35 16       24
Apr 08 2006 35 4 43 44 23       35
Apr 05 2006 29 39 9 24 3       42
Apr 01 2006 55 10 50 1 23       29
Mar 29 2006 24 28 54 2 14       13
Mar 25 2006 20 37 34 45 39       32
Mar 22 2006 45 38 23 22 18       31
Mar 18 2006 25 1 36 42 34       19
Mar 15 2006 36 48 54 7 12       37
Mar 11 2006 54 37 35 52 16       33
Mar 08 2006 5 7 21 1 43       20
Mar 04 2006 13 52 22 55 27       26
Mar 01 2006 25 10 35 41 38       23
Feb 25 2006 51 3 48 46 37       22
Feb 22 2006 47 53 23 55 9       39
Feb 18 2006 44 48 15 43 17       29
Feb 15 2006 39 35 3 13 40       37
Feb 11 2006 38 7 51 40 52       14
Feb 08 2006 48 32 25 14 54       10
Feb 04 2006 38 30 4 13 12       30
Feb 01 2006 13 30 55 11 35       37
Jan 28 2006 26 15 28 36 14       36
Jan 25 2006 52 37 50 43 10       14
Jan 21 2006 54 18 3 39 43       41
Jan 18 2006 53 38 15 29 52       7
Jan 14 2006 49 14 6 46 40       17
Jan 11 2006 18 14 3 17 6       14
Jan 07 2006 2 21 43 32 16       6
Jan 04 2006 23 10 48 54 42       3
Dec 31 2005 43 4 46 30 37       42
Dec 28 2005 12 46 15 54 30       1
Dec 24 2005 4 10 34 50 33       14
Dec 21 2005 23 43 12 16 9       37
Dec 17 2005 24 44 53 36 46       18
Dec 14 2005 45 15 8 16 51       11
Dec 10 2005 45 34 42 3 21       39
Dec 07 2005 45 30 54 41 19       14
Dec 03 2005 2 26 42 15 37       36
Nov 30 2005 42 23 19 27 52       1
Nov 26 2005 34 28 53 37 45       32
Nov 23 2005 24 25 9 27 12       33
Nov 19 2005 15 54 20 41 8       22
Nov 16 2005 5 20 44 21 18       27
Nov 12 2005 48 41 17 55 37       39
Nov 09 2005 5 49 14 13 31       30
Nov 05 2005 37 25 50 29 7       17
Nov 02 2005 41 14 6 11 27       38
Oct 29 2005 41 50 22 19 14       21
Oct 26 2005 43 39 2 42 10       23
Oct 22 2005 36 6 53 51 7       17
Oct 19 2005 49 21 44 7 43       29
Oct 15 2005 34 1 7 8 45       15
Oct 12 2005 54 51 9 18 4       10
Oct 08 2005 26 31 35 50 46       28
Oct 05 2005 25 30 45 2 15       17
Oct 01 2005 18 54 38 8 45       23
Sep 28 2005 7 22 27 48 50       17
Sep 24 2005 2 10 43 55 31       14
Sep 21 2005 35 28 34 3 50       8
Sep 17 2005 49 52 5 9 27       6
Sep 14 2005 24 50 21 42 49       1
Sep 10 2005 10 11 8 48 50       16
Sep 07 2005 32 50 12 40 54       37
Sep 03 2005 30 3 31 1 43       36
Aug 31 2005 17 19 13 50 41       13
Aug 27 2005 8 39 31 44 22       11
Aug 24 2005 35 9 26 11 51       32
Aug 20 2005 27 13 28 29 49       36
Aug 17 2005 8 43 53 30 3       15
Aug 13 2005 2 37 43 18 1       37
Aug 10 2005 31 13 49 38 36       2
Aug 06 2005 9 1 19 36 53       33
Aug 03 2005 39 5 24 19 28       24
Jul 30 2005 14 38 35 8 46       24
Jul 27 2005 4 13 10 29 1       3
Jul 23 2005 28 13 20 32 16       36
Jul 20 2005 51 7 32 39 6       31
Jul 16 2005 50 33 32 41 8       22
Jul 13 2005 5 23 43 4 13       34
Jul 09 2005 53 39 8 9 47       4
Jul 06 2005 12 25 48 2 30       38
Jul 02 2005 29 9 10 52 39       20
Jun 29 2005 42 8 49 22 3       39
Jun 25 2005 28 32 40 7 31       14
Jun 22 2005 13 51 42 23 9       15
Jun 18 2005 10 5 24 16 8       5
Jun 15 2005 39 20 22 14 44       14
Jun 11 2005 3 46 10 24 14       37
Jun 08 2005 36 10 43 40 42       42
Jun 04 2005 16 44 7 38 48       18
Jun 01 2005 34 50 39 42 15       12
May 28 2005 39 24 5 28 7       36
May 25 2005 29 46 27 31 42       33
May 21 2005 7 30 5 10 2       23
May 18 2005 17 7 20 13 35       35
May 14 2005 49 21 29 38 52       42
May 11 2005 46 49 5 48 25       6
May 07 2005 47 44 23 21 39       19
May 04 2005 27 33 40 10 21       2
Apr 30 2005 8 48 32 15 17       24
Apr 27 2005 42 11 32 13 18       4
Apr 23 2005 15 8 50 9 13       9
Apr 20 2005 7 16 33 34 46       27
Apr 16 2005 11 44 38 51 45       41
Apr 13 2005 37 51 6 13 52       25
Apr 09 2005 46 11 1 35 53       29
Apr 06 2005 5 14 11 51 22       17
Apr 02 2005 11 9 5 17 46       39
Mar 30 2005 28 39 22 32 33       42
Mar 26 2005 35 12 9 51 41       36
Mar 23 2005 29 23 40 45 37       38
Mar 19 2005 41 1 21 32 28       9
Mar 16 2005 19 38 11 25 50       35
Mar 12 2005 40 23 52 46 7       41
Mar 09 2005 20 17 10 23 45       31
Mar 05 2005 40 9 27 53 13       28
Mar 02 2005 48 18 46 3 10       8
Feb 26 2005 33 22 49 30 8       6
Feb 23 2005 4 48 15 10 51       13
Feb 19 2005 12 15 18 52 27       36
Feb 16 2005 48 21 41 27 25       25
Feb 12 2005 50 21 28 18 49       16
Feb 09 2005 10 15 9 18 29       9
Feb 05 2005 44 11 34 47 37       23
Feb 02 2005 16 44 40 10 11       2
Jan 29 2005 41 29 20 16 11       12
Jan 26 2005 5 32 48 47 43       33
Jan 22 2005 33 32 34 11 23       38
Jan 19 2005 49 32 9 18 33       27
Jan 15 2005 37 49 21 51 26       25
Jan 12 2005 50 21 27 38 23       38
Jan 08 2005 11 22 24 9 43       2
Jan 05 2005 10 7 37 4 30       37
Jan 01 2005 47 22 23 26 44       12
Dec 29 2004 44 33 29 38 24       7
Dec 25 2004 39 29 32 53 45       16
Dec 22 2004 7 11 31 24 2       18
Dec 18 2004 30 1 29 25 45       12
Dec 15 2004 38 1 53 11 6       11
Dec 11 2004 16 53 41 7 6       23
Dec 08 2004 17 13 50 35 45       2
Dec 04 2004 30 9 22 6 16       4
Dec 01 2004 44 28 36 38 3       1
Nov 27 2004 16 35 47 36 28       31
Nov 24 2004 47 49 53 3 19       4
Nov 20 2004 45 50 48 4 29       1
Nov 17 2004 31 15 46 25 36       37
Nov 13 2004 33 34 26 5 6       13
Nov 10 2004 14 43 45 21 29       26
Nov 06 2004 18 22 33 40 38       19
Nov 03 2004 48 43 45 11 35       42
Oct 30 2004 20 27 48 40 30       11
Oct 27 2004 40 51 44 11 17       21
Oct 23 2004 49 50 15 52 24       40
Oct 20 2004 41 46 11 17 1       24
Oct 16 2004 22 42 5 36 20       11
Oct 13 2004 17 45 46 5 14       41
Oct 09 2004 10 48 47 3 1       27
Oct 06 2004 50 19 44 5 6       28
Oct 02 2004 32 35 29 13 2       4
Sep 29 2004 35 16 37 28 33       17
Sep 25 2004 41 11 40 48 25       3
Sep 22 2004 37 6 34 14 40       7
Sep 18 2004 14 36 31 2 27       9
Sep 15 2004 28 17 1 50 8       20
Sep 11 2004 36 25 49 46 34       9
Sep 08 2004 28 4 2 33 52       18
Sep 04 2004 46 15 26 25 13       28
Sep 01 2004 44 45 33 51 31       31
Aug 28 2004 35 6 30 45 39       31
Aug 25 2004 32 1 50 30 37       19
Aug 21 2004 40 27 39 16 3       3
Aug 18 2004 35 40 42 33 31       40
Aug 14 2004 4 10 43 18 11       41
Aug 11 2004 10 33 5 51 29       35
Aug 07 2004 16 34 9 8 48       8
Aug 04 2004 37 11 26 22 51       21
Jul 31 2004 47 31 14 35 45       35
Jul 28 2004 40 4 39 19 50       22
Jul 24 2004 52 29 2 3 13       25
Jul 21 2004 42 38 46 31 3       2
Jul 17 2004 23 45 50 20 36       9
Jul 14 2004 9 49 24 45 50       37
Jul 10 2004 17 44 23 16 26       13
Jul 07 2004 41 34 30 25 18       10
Jul 03 2004 3 30 8 47 12       23
Jun 30 2004 47 45 2 31 29       4
Jun 26 2004 17 47 9 32 41       8
Jun 23 2004 16 20 9 12 39       1
Jun 19 2004 2 37 36 48 9       16
Jun 16 2004 16 18 48 39 26       22
Jun 12 2004 6 52 48 43 20       28
Jun 09 2004 31 50 37 1 33       40
Jun 05 2004 41 5 42 39 26       39
Jun 02 2004 26 6 12 29 5       30
May 29 2004 1 16 32 39 30       2
May 26 2004 38 10 31 3 35       16
May 22 2004 1 49 42 36 7       41
May 19 2004 31 14 41 37 15       31
May 15 2004 1 26 46 27 43       31
May 12 2004 42 45 11 31 35       35
May 08 2004 37 3 43 9 17       39
May 05 2004 21 25 16 9 32       8
May 01 2004 1 34 47 10 39       33
Apr 28 2004 27 34 52 49 42       23
Apr 24 2004 2 44 35 13 22       28
Apr 21 2004 11 8 51 42 34       27
Apr 17 2004 41 4 42 34 29       11
Apr 14 2004 38 22 1 20 6       22
Apr 10 2004 2 48 30 9 47       40
Apr 07 2004 7 37 2 35 16       10
Apr 03 2004 43 7 26 6 32       13
Mar 31 2004 15 31 39 34 50       35
Mar 27 2004 30 17 2 15 34       32
Mar 24 2004 39 47 43 20 18       31
Mar 20 2004 44 14 24 27 2       6
Mar 17 2004 24 15 20 43 7       5
Mar 13 2004 50 44 11 48 45       2
Mar 10 2004 10 41 22 20 49       6
Mar 06 2004 49 46 17 51 9       9
Mar 03 2004 23 11 17 53 5       34
Feb 28 2004 25 52 53 6 26       40
Feb 25 2004 4 47 17 11 5       35
Feb 21 2004 22 26 53 48 15       14
Feb 18 2004 50 36 24 4 44       2
